3 5 3 0 15 4 2 4 1 2 0 1 2 0 2 0 2 0 1 
2 5 3 0 15 4 2 4 1 2 0 1 2 0 2 0 2 0 1 
1 5 3 0 15 4 2 4 1 2 0 1 2 0 2 0 2 0 1 
0 5 3 0 15 4 2 4 1 2 0 1 2 0 2 0 2 0 1 
1 26 1 2 23 2 1 3 1 3 3 8 1 2 1 3 1 1 0 
0 36 2 3 12 1 1 4 2 3 2 8 1 2 1 0 1 0 1 
1 36 2 3 12 1 1 4 2 3 2 8 1 2 1 0 1 0 1 
2 36 2 3 12 1 1 4 2 3 2 8 1 2 1 0 1 0 1 
3 36 2 3 12 1 1 4 2 3 2 8 1 2 1 0 1 0 1 
2 5 1 0 79 3 1 4 0 1 0 3 0 2 1 0 2 0 0 
1 70 3 8 65 4 4 1 0 3 0 6 2 0 1 3 2 0 1 
0 70 3 8 65 4 4 1 0 3 0 6 2 0 1 3 2 0 1 
2 70 3 8 65 4 4 1 0 3 0 6 2 0 1 3 2 0 1 
3 70 3 8 65 4 4 1 0 3 0 6 2 0 1 3 2 0 1 
2 23 4 6 178 2 1 2 0 1 2 8 0 0 1 3 1 0 1 
2 78 3 1 182 2 1 3 0 1 2 5 1 2 3 3 2 0 0 
1 70 0 9 117 1 0 1 0 3 3 8 2 2 4 0 2 0 0 
0 70 0 9 117 1 0 1 0 3 3 8 2 2 4 0 2 0 0 
2 32 1 10 88 3 4 2 0 3 2 3 2 1 1 0 1 0 1 
1 32 1 10 88 3 4 2 0 3 2 3 2 1 1 0 1 0 1 
1 32 1 5 120 3 2 4 1 2 1 5 1 2 1 2 2 0 0 
3 8 4 10 91 4 0 1 2 3 1 1 1 1 3 2 2 1 1 
2 8 4 10 91 4 0 1 2 3 1 1 1 1 3 2 2 1 1 
3 49 0 9 89 3 2 2 0 1 0 1 2 2 3 0 2 1 1 
1 7 3 6 65 3 3 2 2 1 2 2 1 1 3 0 2 1 1 
1 51 2 5 74 4 2 2 0 2 3 8 2 1 4 1 2 0 1 
0 51 2 5 74 4 2 2 0 2 3 8 2 1 4 1 2 0 1 
3 44 2 0 76 3 0 4 0 1 1 2 2 2 2 2 1 0 1 
2 44 2 0 76 3 0 4 0 1 1 2 2 2 2 2 1 0 1 
1 44 2 0 76 3 0 4 0 1 1 2 2 2 2 2 1 0 1 
0 44 2 0 76 3 0 4 0 1 1 2 2 2 2 2 1 0 1 
2 63 1 1 57 2 2 1 2 4 1 8 1 1 3 2 2 1 0 
3 63 1 1 57 2 2 1 2 4 1 8 1 1 3 2 2 1 0 
3 59 0 9 151 3 1 1 1 1 1 6 1 1 2 1 1 0 0 
2 59 0 9 151 3 1 1 1 1 1 6 1 1 2 1 1 0 0 
3 21 3 7 36 3 0 4 2 2 2 5 1 2 2 2 1 0 0 
2 21 3 7 36 3 0 4 2 2 2 5 1 2 2 2 1 0 0 
0 22 4 1 68 0 2 2 1 3 1 1 2 2 2 2 1 1 0 
1 22 4 1 68 0 2 2 1 3 1 1 2 2 2 2 1 1 0 
2 22 4 1 68 0 2 2 1 3 1 1 2 2 2 2 1 1 0 
0 31 2 3 43 4 2 2 1 2 2 5 0 0 1 3 2 1 0 
0 60 4 6 90 2 0 4 2 2 0 4 0 0 2 1 2 0 0 
1 60 4 6 90 2 0 4 2 2 0 4 0 0 2 1 2 0 0 
0 63 3 5 75 0 2 1 2 3 1 5 2 2 2 1 2 1 1 
1 63 3 5 75 0 2 1 2 3 1 5 2 2 2 1 2 1 1 
2 63 3 5 75 0 2 1 2 3 1 5 2 2 2 1 2 1 1 
3 63 3 5 75 0 2 1 2 3 1 5 2 2 2 1 2 1 1 
1 28 4 0 116 1 1 3 1 2 0 4 2 1 1 0 1 0 1 
0 28 4 0 116 1 1 3 1 2 0 4 2 1 1 0 1 0 1 
2 77 2 9 107 1 1 4 0 1 3 8 1 0 2 3 2 0 0 
1 77 2 9 107 1 1 4 0 1 3 8 1 0 2 3 2 0 0 
3 77 2 9 107 1 1 4 0 1 3 8 1 0 2 3 2 0 0 
0 77 2 9 107 1 1 4 0 1 3 8 1 0 2 3 2 0 0 
2 22 4 2 39 1 0 2 2 3 2 3 1 1 1 0 2 1 1 
0 65 2 7 86 2 0 2 0 4 2 8 1 0 1 3 1 1 1 
1 20 2 8 79 1 4 4 0 2 3 7 0 1 4 3 1 1 1 
2 20 2 8 79 1 4 4 0 2 3 7 0 1 4 3 1 1 1 
3 20 2 8 79 1 4 4 0 2 3 7 0 1 4 3 1 1 1 
1 66 0 3 59 1 1 3 2 2 0 2 2 1 2 0 1 1 1 
0 66 0 3 59 1 1 3 2 2 0 2 2 1 2 0 1 1 1 
2 66 0 3 59 1 1 3 2 2 0 2 2 1 2 0 1 1 1 
0 38 0 3 121 2 2 4 0 1 0 2 1 2 1 3 2 1 0 
1 38 2 3 174 3 3 4 0 2 2 4 0 0 3 3 2 0 0 
2 43 3 1 78 4 0 2 1 1 1 8 2 1 3 2 1 0 1 
1 79 1 2 82 2 2 4 2 4 1 4 1 2 2 0 2 1 1 
0 79 1 2 82 2 2 4 2 4 1 4 1 2 2 0 2 1 1 
2 79 1 2 82 2 2 4 2 4 1 4 1 2 2 0 2 1 1 
3 79 1 2 82 2 2 4 2 4 1 4 1 2 2 0 2 1 1 
0 45 0 5 66 0 0 1 2 1 0 4 0 1 1 3 1 1 0 
0 25 3 9 50 4 1 2 1 3 2 6 0 0 1 3 1 1 1 
0 27 4 6 57 1 2 4 1 1 2 8 0 2 4 0 1 1 1 
2 25 3 3 1 0 4 3 1 4 3 5 2 1 1 1 1 0 0 
1 25 3 3 1 0 4 3 1 4 3 5 2 1 1 1 1 0 0 
3 25 3 3 1 0 4 3 1 4 3 5 2 1 1 1 1 0 0 
2 34 3 4 96 2 2 4 1 2 3 7 1 1 2 3 2 0 1 
1 34 3 4 96 2 2 4 1 2 3 7 1 1 2 3 2 0 1 
0 34 3 4 96 2 2 4 1 2 3 7 1 1 2 3 2 0 1 
3 39 0 7 105 4 1 3 1 2 1 6 2 2 3 3 1 0 1 
2 39 0 7 105 4 1 3 1 2 1 6 2 2 3 3 1 0 1 
1 39 0 7 105 4 1 3 1 2 1 6 2 2 3 3 1 0 1 
2 35 3 6 125 3 0 1 0 3 1 1 1 1 4 1 2 0 1 
1 35 3 6 125 3 0 1 0 3 1 1 1 1 4 1 2 0 1 
0 35 3 6 125 3 0 1 0 3 1 1 1 1 4 1 2 0 1 
1 68 2 2 74 4 0 4 1 2 2 7 1 1 3 1 1 1 1 
0 68 2 2 74 4 0 4 1 2 2 7 1 1 3 1 1 1 1 
0 30 4 10 124 0 3 4 2 3 3 6 2 2 3 0 1 1 1 
0 70 0 8 104 3 0 1 0 4 2 5 2 1 4 2 2 0 1 
3 4 4 2 46 1 0 1 1 3 3 5 1 2 4 2 2 0 0 
0 51 0 9 146 0 3 3 0 2 1 6 1 1 1 2 2 0 0 
0 47 3 6 43 4 3 4 2 4 3 3 2 1 2 1 2 0 1 
2 20 1 7 17 4 4 3 0 2 2 1 0 1 2 1 1 1 1 
1 20 1 7 17 4 4 3 0 2 2 1 0 1 2 1 1 1 1 
0 20 1 7 17 4 4 3 0 2 2 1 0 1 2 1 1 1 1 
1 20 2 0 6 1 2 4 2 4 0 7 0 1 1 2 2 0 0 
2 20 2 0 6 1 2 4 2 4 0 7 0 1 1 2 2 0 0 
3 20 2 0 6 1 2 4 2 4 0 7 0 1 1 2 2 0 0 
1 53 1 9 147 4 2 1 0 1 1 7 0 0 2 2 1 0 1 
1 21 2 0 125 1 1 1 2 1 3 1 2 2 1 3 2 0 1 
0 21 2 0 125 1 1 1 2 1 3 1 2 2 1 3 2 0 1 
2 21 2 0 125 1 1 1 2 1 3 1 2 2 1 3 2 0 1 
3 21 2 0 125 1 1 1 2 1 3 1 2 2 1 3 2 0 1 
1 17 0 5 43 1 1 3 2 1 1 8 0 0 3 3 2 1 1 
0 32 4 6 159 1 4 1 1 4 1 4 2 1 1 3 2 0 1 
1 32 4 6 159 1 4 1 1 4 1 4 2 1 1 3 2 0 1 
2 32 4 6 159 1 4 1 1 4 1 4 2 1 1 3 2 0 1 
3 32 4 6 159 1 4 1 1 4 1 4 2 1 1 3 2 0 1 
3 29 0 7 70 2 3 2 2 2 3 2 2 2 1 2 2 1 0 
1 5 1 7 3 3 1 3 1 1 2 1 2 1 2 0 2 0 1 
1 48 2 1 89 4 4 1 2 1 1 1 2 2 3 0 1 0 1 
0 48 2 1 89 4 4 1 2 1 1 1 2 2 3 0 1 0 1 
1 64 2 8 104 4 3 2 0 1 3 2 0 2 3 3 2 0 0 
2 64 2 8 104 4 3 2 0 1 3 2 0 2 3 3 2 0 0 
3 64 2 8 104 4 3 2 0 1 3 2 0 2 3 3 2 0 0 
0 22 3 5 6 2 1 3 1 1 0 2 1 0 3 3 1 0 0 
2 35 4 9 104 4 1 4 2 3 2 1 0 2 2 0 2 0 0 
0 25 2 8 51 2 3 1 2 4 3 7 0 2 2 3 1 1 0 
1 25 2 8 51 2 3 1 2 4 3 7 0 2 2 3 1 1 0 
2 25 2 8 51 2 3 1 2 4 3 7 0 2 2 3 1 1 0 
2 63 2 8 104 3 3 3 2 1 3 6 0 1 2 0 2 0 0 
1 61 4 7 78 4 3 4 2 1 0 6 1 1 1 3 2 0 0 
0 61 4 7 78 4 3 4 2 1 0 6 1 1 1 3 2 0 0 
1 7 1 4 16 3 2 1 1 3 3 1 1 1 1 2 1 1 0 
3 18 1 1 34 2 1 3 1 4 3 5 2 1 1 3 1 0 0 
2 30 3 7 92 0 1 1 0 1 3 2 1 0 3 2 1 0 1 
1 30 3 7 92 0 1 1 0 1 3 2 1 0 3 2 1 0 1 
3 30 3 7 92 0 1 1 0 1 3 2 1 0 3 2 1 0 1 
0 30 3 7 92 0 1 1 0 1 3 2 1 0 3 2 1 0 1 
0 36 3 10 14 3 3 1 0 2 2 5 1 2 4 1 2 0 1 
1 52 3 6 43 2 2 3 1 1 3 5 1 0 2 2 2 0 1 
0 35 1 7 44 3 3 4 2 2 2 5 2 1 1 2 2 1 0 
2 13 3 0 9 1 0 3 1 2 2 7 2 0 3 3 2 0 1 
1 13 3 0 9 1 0 3 1 2 2 7 2 0 3 3 2 0 1 
0 13 3 0 9 1 0 3 1 2 2 7 2 0 3 3 2 0 1 
3 8 1 0 1 0 4 2 2 4 2 1 2 2 1 2 1 1 0 
1 35 4 6 11 0 4 3 1 2 3 8 0 0 1 0 2 0 1 
2 35 4 6 11 0 4 3 1 2 3 8 0 0 1 0 2 0 1 
3 35 4 6 11 0 4 3 1 2 3 8 0 0 1 0 2 0 1 
0 46 4 0 175 3 1 3 1 2 0 5 2 0 2 3 1 0 1 
1 41 2 3 143 3 1 3 0 1 2 5 2 1 1 0 2 1 1 
2 71 4 9 102 2 2 3 0 1 2 8 1 1 2 1 1 1 0 
2 80 3 9 116 4 2 4 2 2 1 7 0 1 1 2 2 1 0 
2 50 4 4 84 0 3 2 2 2 0 6 1 0 1 3 2 1 1 
3 50 4 4 84 0 3 2 2 2 0 6 1 0 1 3 2 1 1 
0 78 0 7 104 3 2 4 2 3 2 6 0 1 1 0 1 1 0 
2 77 1 4 136 2 0 1 0 2 2 6 1 0 4 2 2 0 0 
1 77 1 4 136 2 0 1 0 2 2 6 1 0 4 2 2 0 0 
0 77 1 4 136 2 0 1 0 2 2 6 1 0 4 2 2 0 0 
3 74 2 3 84 3 2 4 1 2 3 5 1 1 2 3 2 0 1 
2 74 2 3 84 3 2 4 1 2 3 5 1 1 2 3 2 0 1 
1 74 2 3 84 3 2 4 1 2 3 5 1 1 2 3 2 0 1 
0 74 2 3 84 3 2 4 1 2 3 5 1 1 2 3 2 0 1 
0 23 0 4 11 2 0 2 1 1 3 7 1 2 3 1 2 0 1 
0 31 4 2 26 2 3 2 0 2 2 2 2 1 4 3 1 1 1 
3 4 2 6 24 0 0 3 0 4 1 1 0 2 3 3 1 1 0 
0 50 1 7 53 3 0 2 0 4 0 5 2 0 3 2 1 1 1 
1 50 1 7 53 3 0 2 0 4 0 5 2 0 3 2 1 1 1 
2 50 1 7 53 3 0 2 0 4 0 5 2 0 3 2 1 1 1 
3 50 1 7 53 3 0 2 0 4 0 5 2 0 3 2 1 1 1 
0 62 2 9 74 4 0 4 1 2 1 6 2 2 4 2 1 1 0 
1 62 2 9 74 4 0 4 1 2 1 6 2 2 4 2 1 1 0 
0 24 4 3 125 4 3 1 2 2 2 8 1 2 4 3 2 1 0 
2 15 3 10 103 3 2 3 1 2 2 6 2 1 1 1 2 1 1 
0 54 1 2 88 4 2 4 0 1 1 2 2 1 2 3 1 0 1 
1 54 1 2 88 4 2 4 0 1 1 2 2 1 2 3 1 0 1 
2 54 1 2 88 4 2 4 0 1 1 2 2 1 2 3 1 0 1 
1 23 2 0 122 0 0 4 0 4 0 1 0 1 2 0 2 0 0 
3 19 2 5 14 4 2 4 1 3 0 2 0 1 3 3 2 0 1 
2 19 2 5 14 4 2 4 1 3 0 2 0 1 3 3 2 0 1 
0 72 4 8 97 3 2 3 2 3 2 7 2 2 1 2 2 0 1 
1 72 4 8 97 3 2 3 2 3 2 7 2 2 1 2 2 0 1 
2 72 4 8 97 3 2 3 2 3 2 7 2 2 1 2 2 0 1 
3 72 4 8 97 3 2 3 2 3 2 7 2 2 1 2 2 0 1 
1 37 4 7 63 2 1 1 0 2 2 3 2 1 3 1 2 1 1 
2 37 4 7 63 2 1 1 0 2 2 3 2 1 3 1 2 1 1 
3 37 4 7 63 2 1 1 0 2 2 3 2 1 3 1 2 1 1 
2 27 4 10 74 3 1 2 1 2 1 7 2 2 1 3 1 1 0 
1 27 4 10 74 3 1 2 1 2 1 7 2 2 1 3 1 1 0 
2 54 4 9 117 4 4 3 0 2 0 7 0 2 1 3 1 1 1 
2 47 2 6 63 4 1 1 2 2 2 7 0 1 4 3 1 0 1 
1 47 2 6 63 4 1 1 2 2 2 7 0 1 4 3 1 0 1 
0 47 2 6 63 4 1 1 2 2 2 7 0 1 4 3 1 0 1 
2 36 0 1 200 3 0 3 2 1 0 4 0 2 2 2 2 0 1 
0 66 3 9 41 0 2 1 1 1 3 6 2 2 1 0 1 0 1 
1 66 3 9 41 0 2 1 1 1 3 6 2 2 1 0 1 0 1 
0 59 0 1 66 3 3 2 1 4 1 4 1 1 1 2 2 1 0 
1 59 0 1 66 3 3 2 1 4 1 4 1 1 1 2 2 1 0 
2 59 0 1 66 3 3 2 1 4 1 4 1 1 1 2 2 1 0 
1 58 2 3 53 1 1 1 0 1 1 8 0 1 4 3 1 0 1 
2 58 2 3 53 1 1 1 0 1 1 8 0 1 4 3 1 0 1 
3 58 2 3 53 1 1 1 0 1 1 8 0 1 4 3 1 0 1 
3 30 0 2 64 1 1 3 2 4 2 2 2 1 3 1 2 0 1 
2 30 0 2 64 1 1 3 2 4 2 2 2 1 3 1 2 0 1 
2 36 4 4 93 1 1 1 0 4 0 5 0 1 1 0 2 0 1 
1 36 4 4 93 1 1 1 0 4 0 5 0 1 1 0 2 0 1 
0 36 4 4 93 1 1 1 0 4 0 5 0 1 1 0 2 0 1 
0 49 3 6 40 4 3 1 0 2 3 7 2 2 3 1 1 1 1 
2 54 0 7 52 1 1 1 0 2 2 5 1 1 1 2 1 1 1 
3 54 0 7 52 1 1 1 0 2 2 5 1 1 1 2 1 1 1 
1 54 0 7 52 1 1 1 0 2 2 5 1 1 1 2 1 1 1 
0 54 0 7 52 1 1 1 0 2 2 5 1 1 1 2 1 1 1 
2 57 1 1 73 0 1 1 1 4 0 2 2 2 1 2 2 0 1 
1 57 1 1 73 0 1 1 1 4 0 2 2 2 1 2 2 0 1 
0 57 1 1 73 0 1 1 1 4 0 2 2 2 1 2 2 0 1 
1 48 3 6 48 1 1 1 0 4 3 5 0 0 3 1 2 1 1 
0 48 3 6 48 1 1 1 0 4 3 5 0 0 3 1 2 1 1 
2 20 1 2 133 0 0 1 2 4 3 4 1 2 1 1 2 1 1 
1 20 1 2 133 0 0 1 2 4 3 4 1 2 1 1 2 1 1 
0 20 1 2 133 0 0 1 2 4 3 4 1 2 1 1 2 1 1 
3 71 4 5 42 0 2 4 2 3 2 8 2 1 1 0 2 1 1 
1 30 2 7 182 2 3 2 0 2 2 2 2 1 1 2 1 0 0 
0 63 1 10 93 3 2 2 1 2 2 3 1 0 1 3 1 0 1 
1 63 1 10 93 3 2 2 1 2 2 3 1 0 1 3 1 0 1 
0 34 4 5 188 0 2 3 1 2 0 4 1 0 1 0 2 0 0 
2 34 3 6 135 2 1 4 1 3 2 2 1 2 2 2 2 0 1 
1 34 3 6 135 2 1 4 1 3 2 2 1 2 2 2 2 0 1 
3 34 3 6 135 2 1 4 1 3 2 2 1 2 2 2 2 0 1 
2 41 2 6 59 4 3 2 1 3 2 1 1 2 1 0 2 1 1 
3 41 2 6 59 4 3 2 1 3 2 1 1 2 1 0 2 1 1 
2 17 4 9 145 4 3 1 0 3 3 5 2 1 1 1 1 1 1 
1 17 4 9 145 4 3 1 0 3 3 5 2 1 1 1 1 1 1 
3 17 4 9 145 4 3 1 0 3 3 5 2 1 1 1 1 1 1 
0 17 4 9 145 4 3 1 0 3 3 5 2 1 1 1 1 1 1 
3 34 4 6 163 4 2 1 0 1 2 7 0 2 4 1 1 0 0 
1 60 0 3 65 3 2 2 1 1 2 5 0 1 3 2 2 0 1 
0 60 0 3 65 3 2 2 1 1 2 5 0 1 3 2 2 0 1 
2 60 0 3 65 3 2 2 1 1 2 5 0 1 3 2 2 0 1 
3 60 0 3 65 3 2 2 1 1 2 5 0 1 3 2 2 0 1 
2 70 4 3 68 1 0 3 2 3 0 8 2 2 2 2 1 1 0 
3 70 4 3 68 1 0 3 2 3 0 8 2 2 2 2 1 1 0 
1 70 4 3 68 1 0 3 2 3 0 8 2 2 2 2 1 1 0 
0 70 4 3 68 1 0 3 2 3 0 8 2 2 2 2 1 1 0 
0 77 0 3 197 1 3 3 0 4 0 6 1 2 1 1 2 0 0 
2 11 0 10 52 1 2 1 2 2 1 2 1 0 2 0 1 0 0 
3 11 0 10 52 1 2 1 2 2 1 2 1 0 2 0 1 0 0 
0 62 3 9 119 1 0 1 0 4 1 7 2 2 4 2 2 0 1 
3 77 3 6 58 3 4 2 0 3 1 8 1 1 3 1 2 0 0 
2 77 3 6 58 3 4 2 0 3 1 8 1 1 3 1 2 0 0 
1 77 3 6 58 3 4 2 0 3 1 8 1 1 3 1 2 0 0 
0 77 3 6 58 3 4 2 0 3 1 8 1 1 3 1 2 0 0 
0 48 0 1 196 0 0 2 0 3 1 4 2 1 2 0 2 0 1 
0 56 3 5 58 3 2 3 1 1 2 7 0 0 3 0 1 1 1 
0 51 3 5 64 2 0 4 0 2 3 4 1 0 2 2 1 0 1 
0 21 2 1 188 3 2 4 0 2 1 5 2 1 3 1 1 1 1 
0 60 2 7 45 4 2 2 1 4 2 5 0 2 3 2 1 0 1 
2 42 2 4 64 2 2 1 2 4 0 1 0 2 2 1 1 1 1 
2 63 3 3 66 4 2 2 0 1 3 5 1 2 4 2 2 1 1 
1 63 3 3 66 4 2 2 0 1 3 5 1 2 4 2 2 1 1 
0 63 3 3 66 4 2 2 0 1 3 5 1 2 4 2 2 1 1 
0 71 3 4 72 2 4 4 1 3 1 3 0 0 3 2 2 0 1 
1 4 1 5 47 1 0 2 1 3 2 1 1 2 1 2 2 0 1 
0 4 1 5 47 1 0 2 1 3 2 1 1 2 1 2 2 0 1 
3 37 0 7 27 2 4 3 2 3 1 5 2 0 2 1 1 0 1 
0 24 3 6 160 3 1 3 2 4 1 4 1 1 3 0 2 0 1 
1 24 3 6 160 3 1 3 2 4 1 4 1 1 3 0 2 0 1 
2 41 4 0 78 3 4 4 1 3 1 1 2 1 3 1 2 0 1 
3 41 4 0 78 3 4 4 1 3 1 1 2 1 3 1 2 0 1 
3 47 4 4 54 2 0 1 0 4 2 5 1 1 3 2 1 0 1 
2 47 4 4 54 2 0 1 0 4 2 5 1 1 3 2 1 0 1 
1 47 4 4 54 2 0 1 0 4 2 5 1 1 3 2 1 0 1 
0 47 4 4 54 2 0 1 0 4 2 5 1 1 3 2 1 0 1 
3 27 3 7 57 1 1 3 1 4 2 2 1 1 2 2 1 0 0 
0 29 1 6 52 4 3 3 1 1 1 7 0 2 1 3 1 1 1 
1 29 1 6 52 4 3 3 1 1 1 7 0 2 1 3 1 1 1 
2 29 1 6 52 4 3 3 1 1 1 7 0 2 1 3 1 1 1 
3 29 1 6 52 4 3 3 1 1 1 7 0 2 1 3 1 1 1 
0 55 0 10 199 2 1 2 0 1 2 8 1 1 2 0 2 1 1 
0 62 0 5 103 3 1 3 0 2 1 1 2 0 4 2 1 0 0 
3 31 2 3 79 4 4 2 1 2 1 3 1 2 1 1 1 0 1 
1 22 1 1 12 0 0 4 0 4 1 2 1 0 1 3 1 1 1 
0 22 1 1 12 0 0 4 0 4 1 2 1 0 1 3 1 1 1 
3 9 1 3 45 1 4 3 1 4 3 4 0 2 4 0 1 0 0 
1 48 2 6 89 2 1 1 2 2 0 4 2 0 3 3 2 0 1 
3 69 1 5 49 1 2 2 1 2 1 5 1 2 3 3 1 1 1 
3 29 4 2 119 4 2 4 0 1 1 2 2 2 1 2 1 1 0 
3 7 1 2 34 1 4 4 1 4 1 6 1 0 2 0 1 0 0 
3 67 4 4 57 4 1 4 0 2 1 7 2 2 2 0 1 0 1 
2 67 4 4 57 4 1 4 0 2 1 7 2 2 2 0 1 0 1 
2 20 3 7 36 0 1 2 2 2 2 8 2 2 1 2 2 0 0 
3 20 3 7 36 0 1 2 2 2 2 8 2 2 1 2 2 0 0 
2 9 4 4 5 1 2 1 0 4 3 1 1 0 4 2 2 0 1 
3 9 4 4 5 1 2 1 0 4 3 1 1 0 4 2 2 0 1 
0 55 4 0 64 4 3 2 2 4 3 3 2 2 3 3 2 0 1 
2 52 1 1 57 1 0 2 1 3 3 5 1 1 2 2 1 0 1 
3 52 1 1 57 1 0 2 1 3 3 5 1 1 2 2 1 0 1 
2 48 4 3 59 2 2 1 0 1 1 1 2 1 3 1 2 1 1 
1 48 4 3 59 2 2 1 0 1 1 1 2 1 3 1 2 1 1 
0 48 4 3 59 2 2 1 0 1 1 1 2 1 3 1 2 1 1 
1 34 3 10 155 4 1 3 1 1 3 2 1 0 1 3 1 1 0 
0 62 4 3 52 3 1 3 1 3 2 8 1 2 3 2 2 0 0 
1 36 2 6 14 1 1 3 1 2 0 5 2 0 4 0 2 1 1 
3 25 4 3 59 3 3 4 1 4 2 7 2 2 1 0 2 1 0 
2 25 4 3 59 3 3 4 1 4 2 7 2 2 1 0 2 1 0 
1 25 4 3 59 3 3 4 1 4 2 7 2 2 1 0 2 1 0 
0 25 4 3 59 3 3 4 1 4 2 7 2 2 1 0 2 1 0 
1 30 0 1 42 0 0 1 2 2 0 1 1 2 4 1 1 0 1 
0 30 0 1 42 0 0 1 2 2 0 1 1 2 4 1 1 0 1 
1 73 4 3 81 4 1 1 2 1 1 7 1 0 2 2 1 1 1 
0 73 4 3 81 4 1 1 2 1 1 7 1 0 2 2 1 1 1 
2 73 4 3 81 4 1 1 2 1 1 7 1 0 2 2 1 1 1 
3 73 4 3 81 4 1 1 2 1 1 7 1 0 2 2 1 1 1 
1 23 4 3 131 4 1 3 2 2 2 8 0 2 2 3 1 1 1 
0 23 4 3 131 4 1 3 2 2 2 8 0 2 2 3 1 1 1 
2 23 4 3 131 4 1 3 2 2 2 8 0 2 2 3 1 1 1 
3 37 2 3 39 2 4 3 2 3 0 3 2 1 4 2 2 0 1 
2 37 2 3 39 2 4 3 2 3 0 3 2 1 4 2 2 0 1 
1 37 2 3 39 2 4 3 2 3 0 3 2 1 4 2 2 0 1 
0 37 2 3 39 2 4 3 2 3 0 3 2 1 4 2 2 0 1 
2 55 2 10 93 4 0 1 1 2 1 6 1 0 2 1 2 0 1 
0 20 2 4 17 1 0 2 1 3 1 5 2 0 1 3 1 1 0 
1 20 2 4 17 1 0 2 1 3 1 5 2 0 1 3 1 1 0 
2 20 2 4 17 1 0 2 1 3 1 5 2 0 1 3 1 1 0 
1 65 1 3 86 2 3 4 2 4 2 2 1 2 1 3 1 0 1 
0 65 1 3 86 2 3 4 2 4 2 2 1 2 1 3 1 0 1 
2 65 1 3 86 2 3 4 2 4 2 2 1 2 1 3 1 0 1 
3 1 1 0 16 2 1 4 0 3 1 6 0 0 1 2 2 0 0 
1 15 1 0 71 0 0 2 1 1 2 1 0 0 1 1 2 1 1 
0 15 1 0 71 0 0 2 1 1 2 1 0 0 1 1 2 1 1 
2 15 1 0 71 0 0 2 1 1 2 1 0 0 1 1 2 1 1 
2 78 3 5 185 4 1 3 1 3 0 7 1 2 3 1 1 1 0 
3 60 3 4 52 4 1 1 1 3 1 6 2 0 1 0 2 1 0 
2 60 3 4 52 4 1 1 1 3 1 6 2 0 1 0 2 1 0 
3 35 3 2 47 0 1 4 1 1 3 5 2 2 1 1 2 1 1 
2 71 4 3 70 2 3 2 0 3 0 7 1 2 2 3 2 0 0 
1 71 4 3 70 2 3 2 0 3 0 7 1 2 2 3 2 0 0 
0 71 4 3 70 2 3 2 0 3 0 7 1 2 2 3 2 0 0 
3 71 4 3 70 2 3 2 0 3 0 7 1 2 2 3 2 0 0 
2 18 1 9 76 4 1 2 0 1 2 1 2 1 3 1 2 0 0 
3 18 1 9 76 4 1 2 0 1 2 1 2 1 3 1 2 0 0 
0 42 3 3 175 1 3 3 0 3 0 1 0 2 1 3 2 0 0 
1 25 1 10 13 3 0 2 1 3 0 3 0 1 3 1 2 0 1 
2 25 1 10 13 3 0 2 1 3 0 3 0 1 3 1 2 0 1 
3 25 1 10 13 3 0 2 1 3 0 3 0 1 3 1 2 0 1 
2 36 4 7 60 2 3 2 1 1 3 8 2 0 4 3 2 0 1 
3 36 4 7 60 2 3 2 1 1 3 8 2 0 4 3 2 0 1 
1 36 4 7 60 2 3 2 1 1 3 8 2 0 4 3 2 0 1 
0 36 4 7 60 2 3 2 1 1 3 8 2 0 4 3 2 0 1 
2 43 1 0 78 3 1 4 2 3 1 2 2 2 4 1 1 0 1 
1 43 1 0 78 3 1 4 2 3 1 2 2 2 4 1 1 0 1 
0 43 1 0 78 3 1 4 2 3 1 2 2 2 4 1 1 0 1 
1 64 4 0 69 4 4 2 0 4 0 8 2 0 4 3 1 1 0 
2 64 4 0 69 4 4 2 0 4 0 8 2 0 4 3 1 1 0 
0 64 4 0 69 4 4 2 0 4 0 8 2 0 4 3 1 1 0 
2 26 3 4 75 4 1 3 2 1 2 7 2 1 4 1 2 1 1 
1 75 1 8 92 4 0 4 2 1 1 5 2 0 3 0 2 0 0 
0 75 1 8 92 4 0 4 2 1 1 5 2 0 3 0 2 0 0 
3 66 1 3 75 3 2 2 1 3 0 2 2 1 1 2 1 1 1 
2 66 1 3 75 3 2 2 1 3 0 2 2 1 1 2 1 1 1 
1 66 1 3 75 3 2 2 1 3 0 2 2 1 1 2 1 1 1 
0 66 1 3 75 3 2 2 1 3 0 2 2 1 1 2 1 1 1 
1 31 3 7 48 0 2 1 2 1 2 2 1 0 1 3 1 0 1 
1 26 0 4 9 2 4 1 2 3 2 8 1 0 4 3 1 0 0 
0 26 0 4 9 2 4 1 2 3 2 8 1 0 4 3 1 0 0 
2 26 0 4 9 2 4 1 2 3 2 8 1 0 4 3 1 0 0 
3 26 0 4 9 2 4 1 2 3 2 8 1 0 4 3 1 0 0 
1 3 2 3 61 3 0 1 0 4 0 3 1 1 3 0 2 0 0 
2 3 2 3 61 3 0 1 0 4 0 3 1 1 3 0 2 0 0 
3 30 0 3 61 1 4 2 2 2 2 4 0 2 4 0 2 0 1 
2 30 0 3 61 1 4 2 2 2 2 4 0 2 4 0 2 0 1 
3 21 4 1 21 3 4 2 1 4 1 7 0 1 4 0 1 0 1 
2 21 4 1 21 3 4 2 1 4 1 7 0 1 4 0 1 0 1 
0 67 0 3 116 1 0 3 2 4 1 6 1 2 2 3 2 0 1 
3 16 4 0 9 3 0 2 1 1 2 6 0 1 3 3 1 1 1 
2 16 4 0 9 3 0 2 1 1 2 6 0 1 3 3 1 1 1 
1 16 4 0 9 3 0 2 1 1 2 6 0 1 3 3 1 1 1 
0 16 4 0 9 3 0 2 1 1 2 6 0 1 3 3 1 1 1 
1 12 3 4 62 1 0 4 1 1 0 8 2 0 3 2 2 1 1 
2 12 1 4 38 0 4 1 2 3 3 6 2 2 2 1 1 0 0 
1 12 1 4 38 0 4 1 2 3 3 6 2 2 2 1 1 0 0 
3 12 1 4 38 0 4 1 2 3 3 6 2 2 2 1 1 0 0 
3 32 4 9 136 3 0 4 1 4 3 1 1 0 2 2 2 1 1 
0 29 1 7 42 3 4 1 1 4 3 7 1 0 3 0 2 1 1 
1 29 1 7 42 3 4 1 1 4 3 7 1 0 3 0 2 1 1 
3 69 4 10 108 4 1 4 0 2 1 1 2 1 3 1 2 0 1 
1 33 0 0 29 3 3 4 2 4 0 6 0 2 3 2 1 0 1 
2 33 0 0 29 3 3 4 2 4 0 6 0 2 3 2 1 0 1 
0 33 0 0 29 3 3 4 2 4 0 6 0 2 3 2 1 0 1 
1 80 3 5 64 0 4 2 0 1 1 8 2 2 3 1 1 0 0 
0 80 3 5 64 0 4 2 0 1 1 8 2 2 3 1 1 0 0 
1 50 0 8 193 4 0 2 1 4 1 2 0 0 2 3 2 0 1 
0 59 4 5 62 2 1 3 2 4 2 4 2 0 1 2 2 0 0 
1 59 4 5 62 2 1 3 2 4 2 4 2 0 1 2 2 0 0 
2 59 4 5 62 2 1 3 2 4 2 4 2 0 1 2 2 0 0 
3 59 4 5 62 2 1 3 2 4 2 4 2 0 1 2 2 0 0 
2 26 4 6 12 4 1 3 1 2 1 3 0 0 4 0 1 0 1 
3 60 1 5 51 1 2 2 1 3 1 7 1 1 2 1 2 0 1 
0 24 4 0 132 3 0 2 0 2 3 4 0 1 2 3 1 1 1 
1 24 4 0 132 3 0 2 0 2 3 4 0 1 2 3 1 1 1 
2 24 4 0 132 3 0 2 0 2 3 4 0 1 2 3 1 1 1 
3 37 1 3 13 4 2 2 2 3 1 8 1 0 3 0 1 1 1 
2 24 2 10 89 1 1 2 2 1 0 3 1 2 4 0 1 0 1 
1 17 2 0 110 4 3 3 0 2 0 5 0 1 3 1 1 0 1 
1 25 1 2 46 2 1 4 1 1 2 2 1 0 2 1 2 1 1 
0 25 1 2 46 2 1 4 1 1 2 2 1 0 2 1 2 1 1 
3 21 4 3 6 4 2 2 0 1 1 7 1 0 4 1 1 1 0 
2 21 4 3 6 4 2 2 0 1 1 7 1 0 4 1 1 1 0 
1 18 1 2 2 3 2 1 0 3 1 5 0 1 3 2 1 1 0 
2 18 1 2 2 3 2 1 0 3 1 5 0 1 3 2 1 1 0 
3 30 3 6 96 2 2 2 0 1 1 8 2 0 2 2 2 0 1 
2 30 3 6 96 2 2 2 0 1 1 8 2 0 2 2 2 0 1 
2 41 1 2 139 1 0 3 0 3 3 3 1 2 1 0 1 0 0 
0 26 1 6 47 3 4 1 2 2 2 1 0 1 1 2 1 1 0 
1 26 1 6 47 3 4 1 2 2 2 1 0 1 1 2 1 1 0 
0 77 3 7 171 3 3 4 1 2 3 7 2 0 4 0 2 0 0 
3 56 4 2 75 4 4 4 2 1 2 8 2 1 3 0 2 0 1 
1 56 2 5 74 3 3 1 1 1 3 1 1 2 1 2 2 1 1 
0 56 2 5 74 3 3 1 1 1 3 1 1 2 1 2 2 1 1 
0 51 0 9 71 0 0 3 0 2 2 3 2 1 3 1 1 1 1 
0 44 4 1 115 4 0 4 1 2 0 3 2 1 2 2 2 1 0 
1 55 3 4 60 3 1 2 0 2 3 8 1 1 2 1 1 0 1 
0 55 3 4 60 3 1 2 0 2 3 8 1 1 2 1 1 0 1 
0 48 0 7 32 4 1 1 2 2 3 4 2 1 1 1 1 0 1 
0 43 1 4 47 1 4 1 2 3 2 4 1 0 2 2 2 1 0 
1 62 4 6 146 2 1 2 0 2 1 3 1 1 3 1 1 0 0 
0 26 1 8 52 2 3 3 1 4 3 3 2 1 3 2 1 1 0 
2 78 1 4 173 1 0 4 1 4 1 7 2 1 2 0 1 0 0 
3 10 1 7 21 2 3 1 0 1 3 7 1 1 3 0 2 0 0 
0 64 2 10 45 4 2 2 2 1 2 6 2 0 1 0 1 1 1 
3 18 3 6 133 2 2 3 2 2 1 8 0 2 1 2 2 1 1 
2 18 3 6 133 2 2 3 2 2 1 8 0 2 1 2 2 1 1 
1 18 3 6 133 2 2 3 2 2 1 8 0 2 1 2 2 1 1 
2 3 4 9 49 0 2 4 0 4 2 2 2 1 4 1 1 0 0 
0 29 2 5 174 4 2 4 0 3 0 1 0 1 4 2 2 1 0 
0 76 1 9 112 1 1 2 2 3 0 7 0 2 3 1 2 1 1 
0 7 0 9 50 4 2 4 0 4 3 8 0 2 3 0 2 1 0 
2 74 4 2 71 1 0 2 2 4 0 2 1 1 1 3 1 1 1 
2 59 3 5 68 0 1 3 2 4 2 4 1 0 1 3 1 0 1 
1 59 3 5 68 0 1 3 2 4 2 4 1 0 1 3 1 0 1 
0 59 3 5 68 0 1 3 2 4 2 4 1 0 1 3 1 0 1 
0 62 4 6 42 3 0 3 1 3 1 8 1 2 3 2 2 0 0 
1 36 3 8 127 2 0 2 0 4 0 1 2 1 2 1 2 0 1 
2 36 3 8 127 2 0 2 0 4 0 1 2 1 2 1 2 0 1 
0 20 0 6 82 1 0 4 2 3 3 1 2 2 2 0 1 1 1 
1 20 0 6 82 1 0 4 2 3 3 1 2 2 2 0 1 1 1 
2 20 0 6 82 1 0 4 2 3 3 1 2 2 2 0 1 1 1 
3 69 0 3 49 4 0 4 0 1 0 8 1 2 1 0 2 1 1 
2 69 0 3 49 4 0 4 0 1 0 8 1 2 1 0 2 1 1 
1 69 0 3 49 4 0 4 0 1 0 8 1 2 1 0 2 1 1 
3 21 0 1 4 2 2 4 1 4 0 7 0 1 4 3 2 0 1 
2 21 0 1 4 2 2 4 1 4 0 7 0 1 4 3 2 0 1 
1 21 0 1 4 2 2 4 1 4 0 7 0 1 4 3 2 0 1 
3 16 3 0 107 1 3 1 0 4 1 1 0 2 3 3 1 0 1 
2 16 3 0 107 1 3 1 0 4 1 1 0 2 3 3 1 0 1 
1 16 3 0 107 1 3 1 0 4 1 1 0 2 3 3 1 0 1 
0 16 3 0 107 1 3 1 0 4 1 1 0 2 3 3 1 0 1 
0 19 1 8 103 3 3 1 2 2 0 4 1 0 2 1 2 0 1 
1 19 1 8 103 3 3 1 2 2 0 4 1 0 2 1 2 0 1 
2 32 3 7 72 4 2 1 1 2 0 4 1 1 2 3 1 0 0 
0 51 1 1 32 0 2 2 1 1 0 7 0 0 2 2 2 1 1 
1 51 1 1 32 0 2 2 1 1 0 7 0 0 2 2 2 1 1 
2 51 1 1 32 0 2 2 1 1 0 7 0 0 2 2 2 1 1 
1 22 4 3 120 3 1 1 2 1 2 1 0 1 1 1 1 0 1 
2 22 4 3 120 3 1 1 2 1 2 1 0 1 1 1 1 0 1 
3 22 4 3 120 3 1 1 2 1 2 1 0 1 1 1 1 0 1 
0 62 4 4 103 2 4 2 2 4 2 4 0 2 2 1 2 1 1 
0 73 1 10 153 0 3 1 0 1 1 4 2 0 1 2 2 0 1 
3 42 0 5 77 1 1 1 2 2 3 6 2 2 2 3 2 1 1 
2 42 0 5 77 1 1 1 2 2 3 6 2 2 2 3 2 1 1 
0 57 2 7 129 3 3 4 0 1 3 4 0 0 4 0 1 0 1 
3 15 2 2 7 3 3 2 2 1 3 5 2 1 1 2 2 0 1 
2 15 2 2 7 3 3 2 2 1 3 5 2 1 1 2 2 0 1 
1 15 2 2 7 3 3 2 2 1 3 5 2 1 1 2 2 0 1 
0 15 2 2 7 3 3 2 2 1 3 5 2 1 1 2 2 0 1 
0 46 0 6 37 2 1 2 2 4 2 6 2 1 1 1 2 1 1 
0 15 2 4 13 2 3 2 0 1 2 1 1 2 4 3 1 1 0 
0 37 1 3 31 2 1 3 0 4 1 1 2 2 3 2 2 1 1 
0 35 2 8 12 1 4 3 1 2 0 3 2 2 4 0 1 1 0 
1 31 0 4 9 4 2 1 2 2 0 8 0 0 4 0 1 1 0 
0 31 0 4 9 4 2 1 2 2 0 8 0 0 4 0 1 1 0 
0 74 4 9 68 1 4 4 0 4 3 6 2 0 2 3 1 0 1 
1 54 3 5 20 0 3 3 2 4 2 6 2 1 1 3 1 1 1 
3 27 3 3 20 4 4 3 0 2 1 5 2 1 3 0 1 0 1 
3 25 4 1 79 0 4 2 1 2 3 4 2 0 1 2 2 0 0 
2 25 4 1 79 0 4 2 1 2 3 4 2 0 1 2 2 0 0 
3 8 3 0 53 0 4 1 0 2 2 4 0 2 2 0 1 1 0 
2 8 3 0 53 0 4 1 0 2 2 4 0 2 2 0 1 1 0 
1 8 3 0 53 0 4 1 0 2 2 4 0 2 2 0 1 1 0 
0 8 3 0 53 0 4 1 0 2 2 4 0 2 2 0 1 1 0 
1 16 3 7 129 4 2 3 2 4 2 5 1 2 1 0 2 0 0 
0 16 3 7 129 4 2 3 2 4 2 5 1 2 1 0 2 0 0 
3 50 2 7 95 1 4 1 0 4 0 3 2 2 1 2 2 0 1 
2 50 2 7 95 1 4 1 0 4 0 3 2 2 1 2 2 0 1 
1 44 4 10 73 4 2 4 0 3 3 5 0 1 3 2 1 0 0 
1 57 1 2 67 4 4 4 0 3 3 7 1 1 4 2 1 0 1 
0 57 1 2 67 4 4 4 0 3 3 7 1 1 4 2 1 0 1 
2 57 1 2 67 4 4 4 0 3 3 7 1 1 4 2 1 0 1 
3 57 1 2 67 4 4 4 0 3 3 7 1 1 4 2 1 0 1 
0 36 0 0 175 1 0 2 0 1 0 2 1 0 1 1 2 1 1 
1 35 4 4 50 4 2 4 2 1 0 6 0 1 2 0 1 0 0 
3 59 0 4 189 3 0 3 0 2 3 4 2 2 3 0 1 0 1 
1 76 4 5 115 2 0 4 0 4 1 6 2 0 4 3 1 0 0 
0 76 4 5 115 2 0 4 0 4 1 6 2 0 4 3 1 0 0 
0 12 3 5 46 2 4 4 0 2 3 2 0 1 1 2 1 1 0 
1 15 1 7 67 4 4 2 0 4 2 6 2 0 1 3 2 0 1 
0 15 1 7 67 4 4 2 0 4 2 6 2 0 1 3 2 0 1 
0 54 4 5 86 3 4 4 0 1 1 1 1 1 2 2 1 0 0 
0 54 4 1 68 3 1 2 1 3 2 8 0 1 3 2 2 0 0 
1 46 2 7 52 3 1 2 1 1 1 3 2 1 2 3 1 1 1 
0 46 2 7 52 3 1 2 1 1 1 3 2 1 2 3 1 1 1 
2 13 1 7 65 2 1 2 1 4 1 4 0 2 2 3 1 1 1 
1 13 1 7 65 2 1 2 1 4 1 4 0 2 2 3 1 1 1 
2 22 0 5 5 0 1 2 1 3 3 4 2 0 2 1 1 1 0 
3 22 0 5 5 0 1 2 1 3 3 4 2 0 2 1 1 1 0 
1 22 0 5 5 0 1 2 1 3 3 4 2 0 2 1 1 1 0 
0 22 0 5 5 0 1 2 1 3 3 4 2 0 2 1 1 1 0 
2 27 0 3 158 2 0 3 0 1 2 1 0 1 2 2 2 0 1 
1 23 0 7 153 2 1 1 0 2 3 6 2 1 3 0 1 0 1 
0 23 0 7 153 2 1 1 0 2 3 6 2 1 3 0 1 0 1 
1 60 3 7 93 2 4 4 1 2 2 5 1 2 3 2 2 0 1 
2 60 3 7 93 2 4 4 1 2 2 5 1 2 3 2 2 0 1 
2 61 3 9 88 3 3 3 0 3 0 2 1 2 3 1 1 0 1 
1 61 3 9 88 3 3 3 0 3 0 2 1 2 3 1 1 0 1 
0 61 3 9 88 3 3 3 0 3 0 2 1 2 3 1 1 0 1 
2 27 0 1 161 0 1 2 0 2 0 4 2 2 2 0 1 0 1 
2 21 1 10 42 3 0 4 1 2 2 4 1 1 2 0 1 0 0 
0 37 1 4 194 2 3 4 1 1 2 7 0 1 3 3 1 0 1 
3 32 0 6 68 3 0 3 0 1 1 4 0 0 4 3 1 0 1 
1 40 1 7 75 2 4 4 2 3 2 4 0 1 3 3 2 1 1 
2 40 1 7 75 2 4 4 2 3 2 4 0 1 3 3 2 1 1 
3 40 1 7 75 2 4 4 2 3 2 4 0 1 3 3 2 1 1 
3 23 0 7 70 3 2 2 0 1 1 5 0 1 3 3 2 0 1 
0 66 3 6 98 0 1 3 1 1 0 6 2 1 4 0 2 0 0 
1 66 3 6 98 0 1 3 1 1 0 6 2 1 4 0 2 0 0 
2 66 3 6 98 0 1 3 1 1 0 6 2 1 4 0 2 0 0 
3 66 3 6 98 0 1 3 1 1 0 6 2 1 4 0 2 0 0 
3 51 2 10 82 3 2 4 1 1 0 4 2 2 2 1 2 1 1 
3 74 4 9 59 3 4 2 2 1 0 8 2 0 2 2 1 1 1 
2 17 4 4 127 4 4 3 0 2 0 8 0 1 3 1 1 0 0 
2 51 4 4 145 4 1 1 1 2 0 6 2 2 3 0 1 0 0 
2 80 0 10 160 0 0 1 1 1 3 5 0 1 1 2 1 0 1 
3 30 2 10 60 0 3 4 2 1 1 7 2 1 1 3 2 0 1 
2 30 2 10 60 0 3 4 2 1 1 7 2 1 1 3 2 0 1 
3 24 4 3 127 3 3 4 1 1 1 5 2 2 3 3 2 0 0 
2 24 4 3 127 3 3 4 1 1 1 5 2 2 3 3 2 0 0 
0 29 3 4 84 0 0 2 1 1 3 3 0 1 3 0 2 1 1 
1 29 3 4 84 0 0 2 1 1 3 3 0 1 3 0 2 1 1 
2 29 3 4 84 0 0 2 1 1 3 3 0 1 3 0 2 1 1 
3 29 3 4 84 0 0 2 1 1 3 3 0 1 3 0 2 1 1 
0 73 2 4 112 0 1 3 0 1 2 6 0 2 4 2 1 0 0 
1 73 2 4 112 0 1 3 0 1 2 6 0 2 4 2 1 0 0 
2 73 2 4 112 0 1 3 0 1 2 6 0 2 4 2 1 0 0 
3 73 2 4 112 0 1 3 0 1 2 6 0 2 4 2 1 0 0 
0 66 2 1 117 1 0 4 0 3 0 4 2 2 4 2 1 0 0 
1 66 2 1 117 1 0 4 0 3 0 4 2 2 4 2 1 0 0 
2 66 2 1 117 1 0 4 0 3 0 4 2 2 4 2 1 0 0 
3 66 2 1 117 1 0 4 0 3 0 4 2 2 4 2 1 0 0 
0 59 2 9 80 0 1 1 0 1 0 8 2 0 2 0 1 0 0 
1 54 0 5 100 0 2 3 2 1 3 8 1 2 2 1 2 0 0 
3 76 0 4 84 1 4 1 0 4 2 6 1 1 2 3 2 0 1 
2 76 0 4 84 1 4 1 0 4 2 6 1 1 2 3 2 0 1 
1 76 0 4 84 1 4 1 0 4 2 6 1 1 2 3 2 0 1 
0 76 0 4 84 1 4 1 0 4 2 6 1 1 2 3 2 0 1 
1 42 0 5 200 2 0 2 0 1 3 3 0 0 4 1 1 0 1 
2 76 1 5 146 4 1 1 2 1 2 1 1 2 1 3 1 1 0 
1 15 1 3 59 2 0 4 0 4 3 7 2 2 3 0 2 0 0 
2 15 1 3 59 2 0 4 0 4 3 7 2 2 3 0 2 0 0 
0 15 1 3 59 2 0 4 0 4 3 7 2 2 3 0 2 0 0 
0 67 3 5 48 2 1 3 0 2 0 3 2 1 3 3 2 0 1 
1 67 3 5 48 2 1 3 0 2 0 3 2 1 3 3 2 0 1 
3 38 4 8 145 0 3 1 0 2 3 5 2 1 3 2 2 0 1 
2 38 4 8 145 0 3 1 0 2 3 5 2 1 3 2 2 0 1 
1 38 4 8 145 0 3 1 0 2 3 5 2 1 3 2 2 0 1 
0 38 4 8 145 0 3 1 0 2 3 5 2 1 3 2 2 0 1 
1 27 1 10 103 2 1 2 0 3 1 6 0 0 1 3 2 0 1 
2 30 1 9 177 2 1 2 1 1 2 5 2 2 1 1 2 1 0 
0 69 4 1 65 0 1 2 1 3 0 4 1 1 4 2 2 0 1 
3 29 4 5 152 4 1 3 1 3 0 2 2 2 1 3 1 0 0 
1 39 4 4 110 4 0 4 2 4 3 6 2 0 4 2 2 0 1 
0 39 4 4 110 4 0 4 2 4 3 6 2 0 4 2 2 0 1 
1 40 3 8 147 2 0 4 1 3 0 6 0 2 3 1 2 1 1 
3 43 3 9 98 4 0 4 1 1 1 5 0 2 4 3 1 1 0 
0 25 2 6 65 4 1 1 1 2 1 4 0 2 3 2 2 1 0 
1 25 2 6 65 4 1 1 1 2 1 4 0 2 3 2 2 1 0 
3 31 4 4 58 4 1 1 0 4 3 3 0 2 2 3 2 1 0 
2 31 4 4 58 4 1 1 0 4 3 3 0 2 2 3 2 1 0 
1 33 0 10 92 3 2 4 2 2 2 5 1 2 3 0 2 0 0 
0 15 2 4 48 2 2 2 2 4 2 1 0 0 3 2 1 1 0 
1 31 4 6 46 2 4 1 2 1 3 4 1 2 1 2 2 1 0 
2 23 1 6 35 4 2 4 0 4 1 1 0 1 2 3 1 0 0 
1 23 1 6 35 4 2 4 0 4 1 1 0 1 2 3 1 0 0 
3 23 1 6 35 4 2 4 0 4 1 1 0 1 2 3 1 0 0 
0 23 1 6 35 4 2 4 0 4 1 1 0 1 2 3 1 0 0 
2 43 4 9 86 3 2 3 2 3 0 1 2 0 2 3 2 1 1 
3 43 4 9 86 3 2 3 2 3 0 1 2 0 2 3 2 1 1 
2 21 4 8 9 3 0 4 1 1 3 3 2 0 2 2 2 0 1 
3 21 4 8 9 3 0 4 1 1 3 3 2 0 2 2 2 0 1 
3 64 2 7 73 1 2 1 2 3 0 5 2 0 2 3 2 0 1 
2 64 2 7 73 1 2 1 2 3 0 5 2 0 2 3 2 0 1 
1 64 2 7 73 1 2 1 2 3 0 5 2 0 2 3 2 0 1 
0 64 2 7 73 1 2 1 2 3 0 5 2 0 2 3 2 0 1 
0 44 1 4 28 1 1 2 2 3 2 7 0 0 2 3 2 1 1 
1 44 1 4 28 1 1 2 2 3 2 7 0 0 2 3 2 1 1 
2 44 1 4 28 1 1 2 2 3 2 7 0 0 2 3 2 1 1 
0 76 3 5 112 3 0 1 2 4 3 7 0 2 2 2 2 0 1 
3 17 3 2 31 2 0 2 2 2 0 6 2 0 3 2 1 1 1 
0 19 0 0 144 4 0 3 2 3 1 4 1 2 3 3 1 0 1 
3 1 4 6 44 0 4 1 2 1 2 1 2 1 1 1 2 1 1 
2 1 4 6 44 0 4 1 2 1 2 1 2 1 1 1 2 1 1 
2 54 0 1 53 1 3 4 0 4 0 2 0 1 2 3 1 0 1 
3 54 0 1 53 1 3 4 0 4 0 2 0 1 2 3 1 0 1 
1 54 0 1 53 1 3 4 0 4 0 2 0 1 2 3 1 0 1 
0 54 0 1 53 1 3 4 0 4 0 2 0 1 2 3 1 0 1 
3 58 2 6 82 3 3 4 2 1 0 6 1 1 2 1 2 0 0 
0 5 3 1 32 3 1 4 0 1 0 5 2 1 4 2 1 0 0 
1 5 3 1 32 3 1 4 0 1 0 5 2 1 4 2 1 0 0 
1 5 4 3 37 2 3 4 2 2 3 8 0 1 4 1 1 1 0 
2 2 3 8 34 0 2 4 0 3 3 7 0 2 4 1 2 0 0 
2 72 3 5 52 2 0 3 1 4 0 6 2 2 2 0 1 0 0 
1 72 3 5 52 2 0 3 1 4 0 6 2 2 2 0 1 0 0 
0 72 3 5 52 2 0 3 1 4 0 6 2 2 2 0 1 0 0 
0 8 0 1 19 0 1 1 1 1 1 5 0 0 3 2 1 0 0 
1 8 0 1 19 0 1 1 1 1 1 5 0 0 3 2 1 0 0 
2 8 0 1 19 0 1 1 1 1 1 5 0 0 3 2 1 0 0 
3 8 0 1 19 0 1 1 1 1 1 5 0 0 3 2 1 0 0 
2 79 1 2 61 2 4 2 0 4 1 7 0 0 2 3 2 1 1 
3 79 1 2 61 2 4 2 0 4 1 7 0 0 2 3 2 1 1 
1 79 1 2 61 2 4 2 0 4 1 7 0 0 2 3 2 1 1 
0 79 1 2 61 2 4 2 0 4 1 7 0 0 2 3 2 1 1 
0 30 0 1 147 2 0 4 1 1 3 2 2 0 3 2 1 0 1 
3 5 1 5 31 1 4 3 0 1 3 5 1 1 2 0 1 0 1 
1 25 4 3 96 3 3 2 1 1 1 2 0 1 2 2 1 0 1 
2 25 4 3 96 3 3 2 1 1 1 2 0 1 2 2 1 0 1 
0 25 4 3 96 3 3 2 1 1 1 2 0 1 2 2 1 0 1 
3 25 4 3 96 3 3 2 1 1 1 2 0 1 2 2 1 0 1 
2 3 0 10 71 3 2 1 0 3 2 2 0 2 3 0 2 0 1 
1 27 1 7 74 0 2 2 1 4 2 4 1 0 1 1 2 0 1 
0 27 1 7 74 0 2 2 1 4 2 4 1 0 1 1 2 0 1 
2 27 1 7 74 0 2 2 1 4 2 4 1 0 1 1 2 0 1 
2 38 0 2 74 1 1 4 0 1 1 1 1 1 2 3 2 0 0 
1 38 0 2 74 1 1 4 0 1 1 1 1 1 2 3 2 0 0 
0 38 0 2 74 1 1 4 0 1 1 1 1 1 2 3 2 0 0 
0 30 0 7 71 0 3 2 0 2 0 4 2 2 4 3 1 0 0 
3 19 4 5 1 2 0 2 0 2 1 7 0 1 4 3 2 1 0 
2 21 1 10 13 2 2 2 2 2 3 7 0 0 1 3 1 0 0 
1 21 1 10 13 2 2 2 2 2 3 7 0 0 1 3 1 0 0 
3 21 1 10 13 2 2 2 2 2 3 7 0 0 1 3 1 0 0 
0 40 2 3 47 1 0 3 0 4 1 3 1 1 1 3 2 0 0 
1 40 2 3 47 1 0 3 0 4 1 3 1 1 1 3 2 0 0 
2 40 2 3 47 1 0 3 0 4 1 3 1 1 1 3 2 0 0 
3 40 2 3 47 1 0 3 0 4 1 3 1 1 1 3 2 0 0 
2 53 2 8 67 2 2 4 1 2 1 4 1 0 1 2 1 0 1 
1 53 2 8 67 2 2 4 1 2 1 4 1 0 1 2 1 0 1 
0 53 2 8 67 2 2 4 1 2 1 4 1 0 1 2 1 0 1 
1 42 0 2 52 2 2 3 2 3 0 2 2 2 2 3 1 0 0 
0 42 0 2 52 2 2 3 2 3 0 2 2 2 2 3 1 0 0 
1 52 3 5 50 3 2 2 2 2 3 6 2 2 2 1 1 0 1 
0 52 3 5 50 3 2 2 2 2 3 6 2 2 2 1 1 0 1 
0 33 1 3 9 4 4 1 1 4 3 6 2 2 4 0 2 0 1 
2 31 3 4 27 4 4 1 0 4 1 7 2 2 3 3 1 1 0 
1 31 3 4 27 4 4 1 0 4 1 7 2 2 3 3 1 1 0 
0 31 3 4 27 4 4 1 0 4 1 7 2 2 3 3 1 1 0 
0 55 4 0 101 4 0 3 0 3 3 7 1 1 1 1 2 0 1 
0 18 4 9 134 2 0 3 0 2 3 7 1 0 3 0 1 0 0 
3 73 3 3 70 0 3 2 0 4 2 6 1 0 2 2 1 0 1 
2 73 3 3 70 0 3 2 0 4 2 6 1 0 2 2 1 0 1 
1 73 3 3 70 0 3 2 0 4 2 6 1 0 2 2 1 0 1 
0 73 3 3 70 0 3 2 0 4 2 6 1 0 2 2 1 0 1 
1 68 2 6 90 4 4 3 1 4 1 6 1 2 3 0 2 0 1 
0 68 2 6 90 4 4 3 1 4 1 6 1 2 3 0 2 0 1 
2 30 2 4 133 4 1 3 0 2 3 2 1 2 4 0 1 0 1 
3 30 2 4 133 4 1 3 0 2 3 2 1 2 4 0 1 0 1 
0 70 2 7 66 3 2 2 2 2 0 5 0 1 2 3 2 1 1 
1 70 2 7 66 3 2 2 2 2 0 5 0 1 2 3 2 1 1 
2 70 2 7 66 3 2 2 2 2 0 5 0 1 2 3 2 1 1 
0 78 0 2 150 3 0 4 2 3 0 1 1 2 1 1 2 1 1 
0 52 3 7 96 4 4 2 1 2 1 1 2 2 2 1 1 1 0 
0 38 1 10 66 0 3 4 1 1 0 2 2 0 3 0 1 0 1 
1 42 0 4 62 1 0 1 0 2 3 6 2 1 2 2 2 1 1 
0 42 0 4 62 1 0 1 0 2 3 6 2 1 2 2 2 1 1 
2 24 2 8 1 3 0 1 2 2 3 3 0 0 1 3 2 0 1 
1 24 2 8 1 3 0 1 2 2 3 3 0 0 1 3 2 0 1 
3 24 2 8 1 3 0 1 2 2 3 3 0 0 1 3 2 0 1 
3 5 2 1 27 4 4 1 2 1 2 6 0 0 3 3 2 0 1 
1 4 4 7 50 2 0 1 0 1 1 3 0 0 2 2 2 0 0 
0 4 4 7 50 2 0 1 0 1 1 3 0 0 2 2 2 0 0 
0 65 2 1 65 1 2 3 2 2 1 4 2 1 1 2 1 1 0 
1 65 2 1 65 1 2 3 2 2 1 4 2 1 1 2 1 1 0 
2 65 2 1 65 1 2 3 2 2 1 4 2 1 1 2 1 1 0 
3 65 2 1 65 1 2 3 2 2 1 4 2 1 1 2 1 1 0 
3 28 1 2 31 1 0 1 1 4 0 6 0 2 3 0 2 0 1 
2 28 1 2 31 1 0 1 1 4 0 6 0 2 3 0 2 0 1 
1 28 1 2 31 1 0 1 1 4 0 6 0 2 3 0 2 0 1 
0 28 1 2 31 1 0 1 1 4 0 6 0 2 3 0 2 0 1 
0 52 3 7 128 4 0 4 2 1 1 6 0 0 1 3 2 1 1 
1 67 0 4 74 0 2 2 1 4 2 5 2 2 1 1 2 0 1 
0 67 0 4 74 0 2 2 1 4 2 5 2 2 1 1 2 0 1 
1 71 3 1 106 3 0 4 0 3 0 6 1 2 4 0 1 1 0 
0 59 0 10 94 0 3 4 0 1 3 4 0 0 3 2 2 1 0 
0 67 4 10 80 3 0 4 2 1 0 3 0 2 2 1 1 0 0 
3 52 1 3 121 3 1 1 0 1 0 8 0 2 3 3 1 0 0 
2 24 4 7 123 1 4 3 0 2 0 8 2 2 2 3 1 0 0 
0 43 2 3 70 3 3 3 1 3 3 8 0 2 1 2 2 1 1 
1 43 2 3 70 3 3 3 1 3 3 8 0 2 1 2 2 1 1 
0 68 1 3 68 0 0 4 1 2 1 8 1 2 3 2 2 0 1 
1 68 1 3 68 0 0 4 1 2 1 8 1 2 3 2 2 0 1 
2 68 1 3 68 0 0 4 1 2 1 8 1 2 3 2 2 0 1 
2 14 2 6 99 3 0 2 2 2 1 7 1 2 1 2 1 1 1 
3 14 2 6 99 3 0 2 2 2 1 7 1 2 1 2 1 1 1 
2 33 1 10 80 1 1 1 2 4 3 2 0 2 2 0 1 0 0 
1 33 1 10 80 1 1 1 2 4 3 2 0 2 2 0 1 0 0 
3 33 1 10 80 1 1 1 2 4 3 2 0 2 2 0 1 0 0 
3 30 2 4 125 4 1 2 0 1 3 6 1 0 2 0 2 0 1 
0 31 2 5 17 0 4 2 1 4 2 4 1 0 3 0 2 1 0 
0 79 1 4 148 1 4 2 1 4 1 8 2 2 1 2 1 0 0 
2 28 2 5 2 4 3 3 0 1 1 4 0 2 2 3 2 1 1 
1 28 2 5 2 4 3 3 0 1 1 4 0 2 2 3 2 1 1 
1 61 0 4 83 4 1 1 1 2 1 5 1 1 2 2 2 0 1 
0 61 0 4 83 4 1 1 1 2 1 5 1 1 2 2 2 0 1 
2 61 0 4 83 4 1 1 1 2 1 5 1 1 2 2 2 0 1 
1 2 4 2 9 3 4 2 1 4 3 1 2 0 3 1 2 1 1 
0 21 3 6 127 0 3 3 1 2 2 8 1 2 2 1 1 1 1 
1 21 3 6 127 0 3 3 1 2 2 8 1 2 2 1 1 1 1 
2 21 3 6 127 0 3 3 1 2 2 8 1 2 2 1 1 1 1 
3 21 3 6 127 0 3 3 1 2 2 8 1 2 2 1 1 1 1 
0 29 1 4 144 2 3 1 0 3 1 4 2 1 2 0 2 0 1 
1 79 2 3 98 1 3 4 1 2 3 8 0 2 1 2 2 1 1 
0 79 2 3 98 1 3 4 1 2 3 8 0 2 1 2 2 1 1 
3 68 1 3 105 2 0 2 0 1 0 4 0 2 2 3 2 1 0 
2 68 1 3 105 2 0 2 0 1 0 4 0 2 2 3 2 1 0 
1 68 1 3 105 2 0 2 0 1 0 4 0 2 2 3 2 1 0 
0 68 1 3 105 2 0 2 0 1 0 4 0 2 2 3 2 1 0 
2 49 4 4 50 4 3 3 2 1 2 2 1 1 1 2 2 1 1 
2 36 1 10 69 2 3 4 2 1 3 7 1 1 3 0 2 0 1 
1 36 1 10 69 2 3 4 2 1 3 7 1 1 3 0 2 0 1 
3 36 1 10 69 2 3 4 2 1 3 7 1 1 3 0 2 0 1 
2 12 0 0 9 4 2 1 1 2 0 6 2 2 1 3 2 0 1 
2 72 3 5 73 3 1 3 1 3 2 7 2 2 2 3 2 0 1 
3 72 3 5 73 3 1 3 1 3 2 7 2 2 2 3 2 0 1 
1 37 2 6 71 2 0 4 2 3 0 5 1 1 2 0 1 0 0 
1 29 0 7 24 1 4 1 2 2 1 6 2 2 3 0 2 1 1 
2 29 0 7 24 1 4 1 2 2 1 6 2 2 3 0 2 1 1 
3 29 0 7 24 1 4 1 2 2 1 6 2 2 3 0 2 1 1 
1 73 1 9 158 4 2 4 2 3 0 3 2 0 4 2 1 1 0 
2 22 3 0 19 3 4 1 1 1 3 6 2 0 2 2 2 0 1 
1 22 3 0 19 3 4 1 1 1 3 6 2 0 2 2 2 0 1 
0 22 3 0 19 3 4 1 1 1 3 6 2 0 2 2 2 0 1 
0 49 0 4 70 2 0 2 2 1 2 3 2 2 4 2 2 0 0 
1 49 0 4 70 2 0 2 2 1 2 3 2 2 4 2 2 0 0 
0 67 4 5 93 4 0 2 2 3 2 7 1 0 1 3 1 0 1 
1 67 4 5 93 4 0 2 2 3 2 7 1 0 1 3 1 0 1 
2 67 4 5 93 4 0 2 2 3 2 7 1 0 1 3 1 0 1 
0 28 1 5 128 0 3 1 0 4 0 3 2 2 1 0 2 1 1 
1 12 1 6 52 0 1 2 2 2 3 5 0 2 1 1 1 1 0 
2 12 1 6 52 0 1 2 2 2 3 5 0 2 1 1 1 1 0 
3 12 1 6 52 0 1 2 2 2 3 5 0 2 1 1 1 1 0 
0 76 3 7 196 4 4 4 1 4 2 8 1 2 2 3 1 0 0 
2 41 1 8 86 2 4 1 0 2 3 4 1 1 3 3 2 1 1 
1 41 1 8 86 2 4 1 0 2 3 4 1 1 3 3 2 1 1 
0 41 1 8 86 2 4 1 0 2 3 4 1 1 3 3 2 1 1 
1 74 1 0 113 2 0 4 1 2 0 7 0 2 2 1 1 0 1 
2 74 1 0 113 2 0 4 1 2 0 7 0 2 2 1 1 0 1 
0 20 4 0 49 4 4 3 0 1 0 1 2 0 3 1 1 0 0 
3 51 3 5 72 4 1 1 1 1 0 1 0 2 2 0 2 0 0 
2 51 3 5 72 4 1 1 1 1 0 1 0 2 2 0 2 0 0 
1 51 3 5 72 4 1 1 1 1 0 1 0 2 2 0 2 0 0 
0 51 3 5 72 4 1 1 1 1 0 1 0 2 2 0 2 0 0 
1 61 3 7 49 2 0 3 1 1 0 6 1 2 3 0 1 1 1 
2 72 3 7 55 4 3 3 2 4 1 4 0 2 2 1 2 1 1 
1 72 3 7 55 4 3 3 2 4 1 4 0 2 2 1 2 1 1 
3 72 3 7 55 4 3 3 2 4 1 4 0 2 2 1 2 1 1 
1 30 3 5 130 3 0 3 0 1 2 3 2 0 4 0 2 1 1 
2 30 3 5 130 3 0 3 0 1 2 3 2 0 4 0 2 1 1 
3 27 4 9 101 2 0 2 1 3 2 1 2 2 3 3 1 1 0 
0 41 1 2 147 3 2 2 0 1 1 2 2 1 1 2 1 1 1 
0 44 4 7 18 2 2 4 2 3 3 8 2 0 2 3 1 1 0 
1 44 4 7 18 2 2 4 2 3 3 8 2 0 2 3 1 1 0 
2 44 4 7 18 2 2 4 2 3 3 8 2 0 2 3 1 1 0 
3 44 4 7 18 2 2 4 2 3 3 8 2 0 2 3 1 1 0 
2 45 0 8 99 3 1 4 0 1 2 3 1 2 4 0 2 1 1 
3 45 0 8 99 3 1 4 0 1 2 3 1 2 4 0 2 1 1 
3 62 0 2 70 2 3 4 0 3 0 5 2 2 4 3 2 0 1 
2 62 0 2 70 2 3 4 0 3 0 5 2 2 4 3 2 0 1 
1 62 0 2 70 2 3 4 0 3 0 5 2 2 4 3 2 0 1 
0 62 0 2 70 2 3 4 0 3 0 5 2 2 4 3 2 0 1 
1 22 1 7 21 4 3 1 2 3 1 1 1 0 3 3 1 0 0 
0 22 1 7 21 4 3 1 2 3 1 1 1 0 3 3 1 0 0 
2 61 0 10 96 1 2 2 0 3 1 4 2 0 1 1 2 0 0 
1 40 0 7 68 2 2 3 1 3 3 6 1 2 1 1 1 0 1 
2 40 0 7 68 2 2 3 1 3 3 6 1 2 1 1 1 0 1 
1 38 0 3 37 2 2 1 0 4 2 5 2 0 4 1 1 0 1 
0 38 0 3 37 2 2 1 0 4 2 5 2 0 4 1 1 0 1 
2 38 0 3 37 2 2 1 0 4 2 5 2 0 4 1 1 0 1 
3 38 0 3 37 2 2 1 0 4 2 5 2 0 4 1 1 0 1 
1 42 2 10 61 1 0 1 2 1 3 1 1 0 3 3 2 1 1 
3 37 2 10 13 3 2 1 0 1 3 5 1 0 3 3 1 0 1 
1 2 3 7 21 1 4 4 0 4 1 2 0 0 4 2 1 1 0 
1 14 3 1 15 3 2 2 2 3 1 4 1 2 3 3 2 0 1 
2 14 3 1 15 3 2 2 2 3 1 4 1 2 3 3 2 0 1 
3 14 3 1 15 3 2 2 2 3 1 4 1 2 3 3 2 0 1 
1 55 0 1 67 0 4 2 2 4 2 5 2 2 1 1 2 0 0 
2 55 0 1 67 0 4 2 2 4 2 5 2 2 1 1 2 0 0 
0 55 0 1 67 0 4 2 2 4 2 5 2 2 1 1 2 0 0 
3 6 1 8 32 2 0 3 0 1 1 8 0 2 1 0 2 0 0 
2 6 1 8 32 2 0 3 0 1 1 8 0 2 1 0 2 0 0 
0 56 3 3 59 2 2 4 1 1 1 5 2 1 2 2 2 0 0 
1 56 3 3 59 2 2 4 1 1 1 5 2 1 2 2 2 0 0 
2 56 3 3 59 2 2 4 1 1 1 5 2 1 2 2 2 0 0 
3 56 3 3 59 2 2 4 1 1 1 5 2 1 2 2 2 0 0 
1 24 1 5 42 1 1 1 1 2 1 5 1 1 4 3 1 0 1 
0 24 1 5 42 1 1 1 1 2 1 5 1 1 4 3 1 0 1 
0 76 0 0 121 3 2 4 0 1 0 4 0 2 1 1 1 1 1 
1 76 0 0 121 3 2 4 0 1 0 4 0 2 1 1 1 1 1 
2 76 0 0 121 3 2 4 0 1 0 4 0 2 1 1 1 1 1 
3 76 0 0 121 3 2 4 0 1 0 4 0 2 1 1 1 1 1 
2 26 4 4 142 1 0 3 0 2 0 1 1 1 3 1 2 0 0 
2 57 0 8 84 2 3 1 2 1 0 7 0 2 1 1 1 0 1 
2 66 1 5 135 4 2 3 0 2 1 2 1 1 3 2 1 1 0 
3 34 2 8 156 1 1 3 1 1 0 3 1 2 1 3 1 0 0 
0 23 2 0 44 0 3 2 0 4 1 1 0 1 1 3 1 1 1 
0 45 4 10 187 0 1 2 0 2 3 5 1 2 3 0 1 1 0 
1 10 3 1 11 2 3 4 2 2 0 2 1 1 2 3 1 0 0 
2 10 3 1 11 2 3 4 2 2 0 2 1 1 2 3 1 0 0 
0 43 0 2 82 2 2 1 1 2 2 2 2 2 1 2 2 0 0 
0 51 3 6 70 0 1 3 2 4 0 2 2 0 4 1 2 1 1 
0 18 3 3 34 1 1 1 0 3 1 4 1 0 4 2 2 1 0 
1 56 4 2 186 4 2 4 1 1 2 4 1 1 3 2 2 0 0 
3 5 2 1 23 4 4 4 0 1 0 2 2 2 1 1 1 0 0 
2 5 2 1 23 4 4 4 0 1 0 2 2 2 1 1 1 0 0 
1 5 2 1 23 4 4 4 0 1 0 2 2 2 1 1 1 0 0 
1 73 2 0 81 4 0 2 0 4 1 5 2 1 1 3 1 1 1 
2 73 2 0 81 4 0 2 0 4 1 5 2 1 1 3 1 1 1 
0 73 2 0 81 4 0 2 0 4 1 5 2 1 1 3 1 1 1 
3 73 2 0 81 4 0 2 0 4 1 5 2 1 1 3 1 1 1 
3 45 3 9 67 2 0 4 1 1 2 3 2 0 3 1 2 0 0 
2 45 3 9 67 2 0 4 1 1 2 3 2 0 3 1 2 0 0 
1 45 3 9 67 2 0 4 1 1 2 3 2 0 3 1 2 0 0 
0 59 0 7 95 3 1 3 0 2 2 4 1 0 3 1 1 1 1 
1 29 2 3 43 1 1 2 1 4 1 2 0 2 1 0 2 0 0 
0 29 2 3 43 1 1 2 1 4 1 2 0 2 1 0 2 0 0 
3 12 4 2 5 2 1 2 0 3 3 3 0 1 4 2 1 0 1 
0 68 2 4 61 2 3 2 2 3 2 3 0 1 3 3 2 0 1 
1 68 2 4 61 2 3 2 2 3 2 3 0 1 3 3 2 0 1 
0 51 0 4 59 4 3 1 0 2 2 7 0 2 4 2 2 0 1 
1 51 0 4 59 4 3 1 0 2 2 7 0 2 4 2 2 0 1 
0 73 0 7 106 0 0 2 0 2 2 6 1 2 2 1 2 0 1 
1 26 3 7 149 4 3 1 0 1 2 1 2 0 4 2 1 0 1 
0 26 3 7 149 4 3 1 0 1 2 1 2 0 4 2 1 0 1 
0 72 2 8 100 3 4 4 0 1 1 5 0 0 1 2 1 0 0 
0 62 0 6 75 1 4 4 2 2 0 7 0 2 1 0 2 0 1 
0 65 2 9 77 2 4 4 2 4 2 1 2 2 1 3 1 1 1 
2 46 2 6 118 3 2 1 0 2 0 5 0 2 4 1 2 0 0 
3 29 3 2 63 1 2 1 2 2 3 7 1 1 1 3 1 0 1 
2 29 3 2 63 1 2 1 2 2 3 7 1 1 1 3 1 0 1 
1 29 3 2 63 1 2 1 2 2 3 7 1 1 1 3 1 0 1 
2 31 3 0 64 2 3 4 1 1 2 7 0 2 4 3 2 0 1 
1 31 3 0 64 2 3 4 1 1 2 7 0 2 4 3 2 0 1 
0 31 3 0 64 2 3 4 1 1 2 7 0 2 4 3 2 0 1 
3 31 3 0 64 2 3 4 1 1 2 7 0 2 4 3 2 0 1 
2 43 4 3 72 3 4 1 2 1 3 3 2 2 4 1 2 1 0 
1 43 4 3 72 3 4 1 2 1 3 3 2 2 4 1 2 1 0 
3 43 4 3 72 3 4 1 2 1 3 3 2 2 4 1 2 1 0 
3 80 4 10 59 3 2 4 1 1 0 3 2 0 3 0 1 1 1 
2 80 4 10 59 3 2 4 1 1 0 3 2 0 3 0 1 1 1 
1 80 4 10 59 3 2 4 1 1 0 3 2 0 3 0 1 1 1 
0 80 4 10 59 3 2 4 1 1 0 3 2 0 3 0 1 1 1 
1 29 0 5 68 0 3 2 1 4 2 4 1 1 3 2 2 0 1 
0 29 0 5 68 0 3 2 1 4 2 4 1 1 3 2 2 0 1 
2 29 0 5 68 0 3 2 1 4 2 4 1 1 3 2 2 0 1 
0 49 3 7 81 3 2 2 0 2 2 2 2 0 3 3 2 0 0 
3 1 2 6 18 2 3 3 2 2 2 1 1 0 2 0 2 0 1 
2 1 2 6 18 2 3 3 2 2 2 1 1 0 2 0 2 0 1 
1 1 2 6 18 2 3 3 2 2 2 1 1 0 2 0 2 0 1 
3 50 2 1 84 4 4 1 2 1 3 3 2 1 1 2 1 1 1 
2 36 1 9 90 4 2 1 1 1 1 3 2 2 2 2 2 1 0 
1 80 0 6 91 4 3 3 0 3 1 7 1 0 2 1 2 1 1 
0 80 0 6 91 4 3 3 0 3 1 7 1 0 2 1 2 1 1 
2 80 0 6 91 4 3 3 0 3 1 7 1 0 2 1 2 1 1 
3 80 0 6 91 4 3 3 0 3 1 7 1 0 2 1 2 1 1 
3 45 0 8 109 3 0 4 1 1 1 3 1 2 1 3 1 1 0 
1 26 1 10 22 4 1 4 2 2 2 8 1 0 2 0 2 0 1 
1 32 4 0 31 2 0 2 1 3 2 5 0 1 1 1 2 1 1 
1 22 3 0 100 2 4 1 1 4 1 7 1 2 3 0 2 1 1 
1 9 1 2 11 4 4 1 1 2 2 7 1 0 2 1 2 0 1 
0 9 1 2 11 4 4 1 1 2 2 7 1 0 2 1 2 0 1 
1 41 3 10 198 3 0 3 2 1 2 1 0 0 2 2 1 0 0 
2 68 0 2 139 4 0 2 1 2 1 2 0 2 4 3 1 0 1 
1 68 0 2 139 4 0 2 1 2 1 2 0 2 4 3 1 0 1 
1 48 1 3 92 3 2 1 2 2 3 6 1 1 1 1 1 0 1 
1 31 2 9 67 1 2 3 1 4 1 3 0 1 2 2 2 1 1 
0 31 2 9 67 1 2 3 1 4 1 3 0 1 2 2 2 1 1 
2 31 2 9 67 1 2 3 1 4 1 3 0 1 2 2 2 1 1 
2 76 0 3 90 1 0 2 2 3 1 8 0 0 1 3 2 1 1 
1 76 0 3 90 1 0 2 2 3 1 8 0 0 1 3 2 1 1 
0 76 0 3 90 1 0 2 2 3 1 8 0 0 1 3 2 1 1 
3 76 0 3 90 1 0 2 2 3 1 8 0 0 1 3 2 1 1 
3 10 3 7 11 3 1 4 0 4 1 8 2 1 3 2 1 1 0 
3 74 2 4 70 3 4 2 1 2 3 4 2 0 1 0 2 1 1 
2 74 2 4 70 3 4 2 1 2 3 4 2 0 1 0 2 1 1 
0 71 1 6 101 3 4 3 2 2 1 4 2 0 2 3 2 0 1 
1 71 1 6 101 3 4 3 2 2 1 4 2 0 2 3 2 0 1 
2 71 1 6 101 3 4 3 2 2 1 4 2 0 2 3 2 0 1 
0 65 0 7 90 0 4 4 2 1 0 7 2 1 2 3 1 1 0 
1 58 0 2 77 4 0 1 1 1 1 6 0 0 2 2 1 0 1 
0 58 0 2 77 4 0 1 1 1 1 6 0 0 2 2 1 0 1 
2 58 0 2 77 4 0 1 1 1 1 6 0 0 2 2 1 0 1 
3 79 2 7 81 3 0 4 2 1 3 6 1 0 2 3 1 1 1 
2 79 2 7 81 3 0 4 2 1 3 6 1 0 2 3 1 1 1 
1 79 2 7 81 3 0 4 2 1 3 6 1 0 2 3 1 1 1 
0 79 2 7 81 3 0 4 2 1 3 6 1 0 2 3 1 1 1 
0 33 3 10 167 2 0 3 0 3 1 4 2 0 3 3 1 1 1 
0 17 2 0 9 0 4 4 1 1 2 4 1 2 1 2 2 1 0 
1 77 2 2 153 4 2 3 1 1 3 3 0 1 4 0 1 0 0 
0 77 2 2 153 4 2 3 1 1 3 3 0 1 4 0 1 0 0 
0 67 3 5 165 4 0 3 0 2 2 7 1 1 1 3 2 1 1 
3 20 3 0 124 3 2 1 2 4 2 3 1 2 2 1 2 1 1 
0 63 3 4 63 0 3 1 0 4 3 2 0 1 1 0 2 1 1 
1 63 3 4 63 0 3 1 0 4 3 2 0 1 1 0 2 1 1 
2 63 3 4 63 0 3 1 0 4 3 2 0 1 1 0 2 1 1 
3 31 2 9 183 4 2 4 0 2 1 1 2 2 1 1 2 1 0 
2 13 2 0 15 0 1 1 0 1 0 6 0 0 1 1 1 1 0 
1 13 2 0 15 0 1 1 0 1 0 6 0 0 1 1 1 1 0 
0 13 2 0 15 0 1 1 0 1 0 6 0 0 1 1 1 1 0 
3 13 2 0 15 0 1 1 0 1 0 6 0 0 1 1 1 1 0 
0 69 3 7 91 2 2 1 1 3 1 4 2 1 1 3 2 1 1 
1 69 3 7 91 2 2 1 1 3 1 4 2 1 1 3 2 1 1 
2 69 3 7 91 2 2 1 1 3 1 4 2 1 1 3 2 1 1 
3 69 3 7 91 2 2 1 1 3 1 4 2 1 1 3 2 1 1 
3 21 3 3 65 0 1 3 0 1 2 7 1 1 1 3 1 1 1 
2 21 3 3 65 0 1 3 0 1 2 7 1 1 1 3 1 1 1 
1 21 3 3 65 0 1 3 0 1 2 7 1 1 1 3 1 1 1 
0 21 3 3 65 0 1 3 0 1 2 7 1 1 1 3 1 1 1 
2 80 0 6 74 3 1 4 2 1 3 8 0 2 2 3 1 0 1 
1 80 0 6 74 3 1 4 2 1 3 8 0 2 2 3 1 0 1 
0 80 0 6 74 3 1 4 2 1 3 8 0 2 2 3 1 0 1 
0 65 0 6 158 4 2 4 2 3 2 5 1 1 2 3 1 0 1 
3 60 0 7 62 3 3 4 1 3 1 6 1 2 2 2 2 0 1 
2 60 0 7 62 3 3 4 1 3 1 6 1 2 2 2 2 0 1 
1 60 0 7 62 3 3 4 1 3 1 6 1 2 2 2 2 0 1 
0 60 0 7 62 3 3 4 1 3 1 6 1 2 2 2 2 0 1 
2 21 1 9 174 4 2 2 0 1 3 7 0 1 2 0 1 0 1 
3 69 3 5 75 4 4 4 1 4 3 6 2 1 3 1 1 0 1 
2 69 3 5 75 4 4 4 1 4 3 6 2 1 3 1 1 0 1 
1 69 3 5 75 4 4 4 1 4 3 6 2 1 3 1 1 0 1 
0 69 3 5 75 4 4 4 1 4 3 6 2 1 3 1 1 0 1 
1 12 0 0 38 0 4 3 0 4 0 7 1 1 1 1 2 1 1 
2 12 0 0 38 0 4 3 0 4 0 7 1 1 1 1 2 1 1 
0 25 3 0 18 1 1 1 0 1 2 3 0 2 2 2 2 1 1 
3 35 1 7 12 1 4 1 2 2 2 8 0 1 2 2 1 0 1 
2 35 1 7 12 1 4 1 2 2 2 8 0 1 2 2 1 0 1 
1 35 1 7 12 1 4 1 2 2 2 8 0 1 2 2 1 0 1 
1 31 4 2 194 2 1 1 0 3 1 2 0 1 1 1 2 0 0 
1 10 3 5 74 1 3 4 1 4 1 7 0 2 4 2 1 0 1 
2 37 2 10 63 2 3 1 1 3 2 7 0 1 1 2 2 0 1 
1 37 2 10 63 2 3 1 1 3 2 7 0 1 1 2 2 0 1 
3 37 2 10 63 2 3 1 1 3 2 7 0 1 1 2 2 0 1 
3 32 4 6 18 3 1 3 1 4 2 3 2 0 4 2 1 1 1 
3 19 2 2 23 0 3 1 0 2 2 7 2 2 4 3 2 0 0 
0 78 1 9 196 3 0 2 2 3 2 1 0 1 4 3 2 0 0 
3 18 4 7 69 4 1 4 2 3 0 7 1 0 4 0 1 0 0 
3 32 1 7 8 4 2 4 1 4 3 8 0 1 2 1 1 0 1 
2 32 1 7 8 4 2 4 1 4 3 8 0 1 2 1 1 0 1 
1 32 1 7 8 4 2 4 1 4 3 8 0 1 2 1 1 0 1 
1 28 1 8 16 1 1 3 0 2 2 8 0 2 3 3 1 0 1 
1 66 3 6 65 2 2 1 0 2 1 5 0 1 3 3 2 1 1 
2 66 3 6 65 2 2 1 0 2 1 5 0 1 3 3 2 1 1 
0 66 3 6 65 2 2 1 0 2 1 5 0 1 3 3 2 1 1 
2 71 2 3 142 1 0 4 0 1 1 1 2 2 1 3 1 1 1 
1 66 0 0 76 2 0 3 0 1 0 5 2 1 1 2 2 1 1 
2 66 0 0 76 2 0 3 0 1 0 5 2 1 1 2 2 1 1 
3 66 0 0 76 2 0 3 0 1 0 5 2 1 1 2 2 1 1 
0 66 0 0 76 2 0 3 0 1 0 5 2 1 1 2 2 1 1 
0 47 3 5 33 4 1 3 2 3 2 8 1 2 2 2 1 0 0 
1 47 3 5 33 4 1 3 2 3 2 8 1 2 2 2 1 0 0 
1 22 0 2 27 3 0 3 0 1 3 8 1 1 1 2 2 1 1 
0 22 0 2 27 3 0 3 0 1 3 8 1 1 1 2 2 1 1 
2 30 4 4 92 4 3 2 2 2 0 7 1 2 1 3 1 0 1 
3 30 4 4 92 4 3 2 2 2 0 7 1 2 1 3 1 0 1 
1 64 2 8 74 2 3 3 1 3 2 2 1 2 2 3 2 1 1 
2 64 2 8 74 2 3 3 1 3 2 2 1 2 2 3 2 1 1 
0 64 2 8 74 2 3 3 1 3 2 2 1 2 2 3 2 1 1 
3 64 2 8 74 2 3 3 1 3 2 2 1 2 2 3 2 1 1 
2 62 4 9 132 4 0 3 0 4 1 2 1 2 1 0 2 1 0 
2 20 4 9 68 0 2 1 2 3 2 7 2 0 1 2 2 1 0 
3 20 4 9 68 0 2 1 2 3 2 7 2 0 1 2 2 1 0 
1 20 4 9 68 0 2 1 2 3 2 7 2 0 1 2 2 1 0 
0 20 4 9 68 0 2 1 2 3 2 7 2 0 1 2 2 1 0 
0 10 0 1 13 4 0 3 0 3 0 8 0 2 3 1 2 0 1 
1 10 0 1 13 4 0 3 0 3 0 8 0 2 3 1 2 0 1 
2 10 0 1 13 4 0 3 0 3 0 8 0 2 3 1 2 0 1 
0 37 0 2 184 3 1 3 0 3 3 8 1 0 3 1 2 0 1 
1 35 0 4 46 2 4 1 2 3 2 8 0 1 2 2 2 1 1 
0 28 3 9 69 2 1 3 1 2 1 4 1 1 2 2 2 1 0 
1 28 3 9 69 2 1 3 1 2 1 4 1 1 2 2 2 1 0 
1 49 3 8 173 3 0 2 2 4 3 7 2 2 1 1 2 0 0 
3 12 4 5 60 4 0 4 2 1 1 1 1 1 2 2 2 0 0 
3 64 3 2 113 1 0 1 0 1 0 8 1 1 1 0 2 1 0 
1 65 4 2 73 1 3 2 0 1 3 6 2 2 3 1 2 0 1 
2 65 4 2 73 1 3 2 0 1 3 6 2 2 3 1 2 0 1 
3 65 4 2 73 1 3 2 0 1 3 6 2 2 3 1 2 0 1 
0 65 4 2 73 1 3 2 0 1 3 6 2 2 3 1 2 0 1 
2 16 0 0 4 0 3 1 2 1 0 8 1 2 2 0 2 0 0 
2 30 4 2 130 1 2 1 2 2 1 1 2 2 4 3 2 1 1 
3 30 4 2 130 1 2 1 2 2 1 1 2 2 4 3 2 1 1 
1 30 4 2 130 1 2 1 2 2 1 1 2 2 4 3 2 1 1 
0 30 4 2 130 1 2 1 2 2 1 1 2 2 4 3 2 1 1 
0 26 3 7 159 1 0 1 0 3 3 7 1 1 4 3 1 0 0 
1 29 2 9 121 3 4 1 2 2 1 1 2 1 2 0 2 1 1 
2 29 2 9 121 3 4 1 2 2 1 1 2 1 2 0 2 1 1 
0 29 2 9 121 3 4 1 2 2 1 1 2 1 2 0 2 1 1 
1 29 4 8 168 3 2 4 1 3 3 8 1 2 2 2 2 1 0 
3 2 2 10 46 2 2 2 0 4 1 1 1 1 2 3 2 0 0 
1 19 1 1 45 3 3 4 1 2 3 4 1 0 3 3 1 0 1 
0 19 1 1 45 3 3 4 1 2 3 4 1 0 3 3 1 0 1 
2 19 1 1 45 3 3 4 1 2 3 4 1 0 3 3 1 0 1 
0 49 2 9 109 3 3 2 1 2 3 6 0 2 2 3 1 0 1 
0 32 2 0 41 1 0 4 1 2 2 4 1 2 3 1 1 0 1 
1 41 4 5 113 4 1 2 1 2 3 4 1 2 4 0 2 1 1 
2 41 4 5 113 4 1 2 1 2 3 4 1 2 4 0 2 1 1 
3 41 4 5 113 4 1 2 1 2 3 4 1 2 4 0 2 1 1 
3 9 2 10 65 3 2 3 0 1 0 6 1 1 2 0 2 1 0 
0 73 3 0 78 2 4 1 2 2 0 8 1 1 2 2 1 1 0 
2 20 1 4 145 2 1 4 0 2 0 1 1 0 1 0 2 0 1 
0 28 2 1 151 4 4 4 0 2 0 1 0 2 1 2 1 1 1 
2 54 0 4 69 1 2 2 2 1 3 8 0 1 3 0 2 0 1 
1 54 0 4 69 1 2 2 2 1 3 8 0 1 3 0 2 0 1 
0 54 0 4 69 1 2 2 2 1 3 8 0 1 3 0 2 0 1 
0 22 1 4 143 4 0 1 2 3 2 2 1 1 1 1 2 0 1 
1 22 1 4 143 4 0 1 2 3 2 2 1 1 1 1 2 0 1 
0 24 3 5 55 2 2 1 2 3 1 1 1 1 4 0 2 1 0 
1 76 0 2 139 4 3 4 0 2 0 3 2 0 4 1 1 0 0 
0 76 0 2 139 4 3 4 0 2 0 3 2 0 4 1 1 0 0 
2 35 3 6 141 4 0 4 0 3 0 1 0 2 3 3 2 1 1 
2 77 2 3 84 2 3 1 1 4 2 8 0 2 1 0 2 0 1 
1 77 2 3 84 2 3 1 1 4 2 8 0 2 1 0 2 0 1 
0 77 2 3 84 2 3 1 1 4 2 8 0 2 1 0 2 0 1 
3 77 2 3 84 2 3 1 1 4 2 8 0 2 1 0 2 0 1 
1 12 3 5 40 2 3 4 2 1 3 4 2 1 1 2 2 1 0 
0 12 3 5 40 2 3 4 2 1 3 4 2 1 1 2 2 1 0 
2 42 2 7 97 4 2 2 0 2 3 7 0 2 4 3 2 0 1 
3 42 2 7 97 4 2 2 0 2 3 7 0 2 4 3 2 0 1 
0 38 2 5 35 4 4 4 0 2 3 1 0 0 3 2 1 0 1 
0 69 2 4 62 2 4 3 0 3 3 5 1 2 4 2 1 0 1 
1 62 3 6 63 0 0 4 2 1 1 7 0 2 1 2 1 0 1 
0 62 3 6 63 0 0 4 2 1 1 7 0 2 1 2 1 0 1 
1 38 2 5 64 3 1 1 1 3 3 2 2 1 3 3 2 1 0 
2 38 2 5 64 3 1 1 1 3 3 2 2 1 3 3 2 1 0 
2 44 2 5 194 4 2 3 1 2 2 4 0 1 1 0 2 0 1 
1 76 2 0 68 4 3 3 1 1 1 8 2 0 3 0 2 1 0 
0 61 1 6 91 4 2 1 2 4 3 5 0 2 1 2 1 0 0 
2 37 2 9 78 3 2 2 0 2 1 3 2 0 2 1 2 0 1 
1 37 2 9 78 3 2 2 0 2 1 3 2 0 2 1 2 0 1 
3 37 2 9 78 3 2 2 0 2 1 3 2 0 2 1 2 0 1 
3 18 3 7 60 1 1 1 0 3 2 5 1 0 1 2 2 1 0 
0 55 0 7 59 3 2 2 2 1 2 4 0 1 3 3 1 1 1 
1 55 0 7 59 3 2 2 2 1 2 4 0 1 3 3 1 1 1 
2 55 0 7 59 3 2 2 2 1 2 4 0 1 3 3 1 1 1 
2 33 3 6 35 2 3 3 1 4 1 8 0 1 2 0 2 1 1 
1 33 3 6 35 2 3 3 1 4 1 8 0 1 2 0 2 1 1 
0 33 3 6 35 2 3 3 1 4 1 8 0 1 2 0 2 1 1 
2 78 0 3 167 2 1 3 1 2 1 8 1 1 1 0 1 0 0 
3 78 0 3 167 2 1 3 1 2 1 8 1 1 1 0 1 0 0 
2 65 1 2 53 1 1 4 2 2 0 2 2 2 1 1 1 0 1 
0 70 0 10 121 0 4 4 1 4 0 1 0 2 3 1 2 0 0 
1 70 0 10 121 0 4 4 1 4 0 1 0 2 3 1 2 0 0 
2 70 0 10 121 0 4 4 1 4 0 1 0 2 3 1 2 0 0 
2 36 0 4 45 2 1 4 0 1 0 8 2 2 2 0 1 0 1 
1 55 4 0 66 3 2 1 1 2 2 8 0 0 2 3 2 1 0 
0 55 4 0 66 3 2 1 1 2 2 8 0 0 2 3 2 1 0 
2 55 4 0 66 3 2 1 1 2 2 8 0 0 2 3 2 1 0 
0 49 1 1 58 0 2 4 2 2 0 2 1 2 3 3 1 1 1 
1 49 1 1 58 0 2 4 2 2 0 2 1 2 3 3 1 1 1 
2 49 1 1 58 0 2 4 2 2 0 2 1 2 3 3 1 1 1 
3 49 1 1 58 0 2 4 2 2 0 2 1 2 3 3 1 1 1 
2 71 0 4 134 3 3 3 0 3 1 7 2 2 4 3 2 0 1 
1 34 0 10 133 4 3 3 0 3 3 3 1 1 2 0 1 0 0 
0 34 0 10 133 4 3 3 0 3 3 3 1 1 2 0 1 0 0 
0 60 3 9 89 4 0 3 1 4 1 6 1 1 3 3 2 1 0 
0 14 3 0 62 4 2 2 1 2 0 2 2 2 1 3 1 0 0 
0 57 0 7 52 2 1 2 2 1 0 6 0 0 1 2 1 0 1 
0 78 1 8 114 3 4 3 0 4 0 4 2 2 3 3 2 1 1 
2 36 3 5 35 0 3 4 0 1 2 5 0 1 1 2 2 0 1 
2 30 2 0 155 0 1 4 0 4 1 4 0 2 1 3 2 0 0 
2 18 1 10 25 4 4 3 0 4 0 2 0 2 3 2 2 0 0 
3 18 1 10 25 4 4 3 0 4 0 2 0 2 3 2 2 0 0 
2 11 3 5 17 4 1 1 1 1 2 5 0 0 1 2 1 0 0 
1 31 3 1 12 0 2 2 1 4 0 5 2 0 4 2 2 1 0 
0 31 3 1 12 0 2 2 1 4 0 5 2 0 4 2 2 1 0 
2 31 3 1 12 0 2 2 1 4 0 5 2 0 4 2 2 1 0 
0 17 0 2 43 2 2 2 1 2 1 7 2 2 4 0 2 0 1 
1 17 0 2 43 2 2 2 1 2 1 7 2 2 4 0 2 0 1 
2 49 3 7 185 4 2 4 1 3 0 4 0 2 4 2 2 0 0 
2 60 1 7 56 4 1 4 1 4 2 6 2 0 1 0 1 1 1 
1 60 1 7 56 4 1 4 1 4 2 6 2 0 1 0 1 1 1 
0 60 1 7 56 4 1 4 1 4 2 6 2 0 1 0 1 1 1 
3 60 1 7 56 4 1 4 1 4 2 6 2 0 1 0 1 1 1 
3 69 4 9 120 4 1 4 2 2 1 3 2 2 4 2 2 0 1 
2 15 4 8 15 1 1 1 0 3 2 2 0 2 4 2 1 0 0 
3 15 4 8 15 1 1 1 0 3 2 2 0 2 4 2 1 0 0 
2 58 0 2 159 3 0 2 0 3 1 3 0 2 2 0 1 0 0 
2 38 3 8 63 2 3 4 1 3 1 4 2 2 3 0 2 0 1 
3 38 3 8 63 2 3 4 1 3 1 4 2 2 3 0 2 0 1 
1 47 3 9 167 4 4 1 0 3 2 6 1 2 1 1 1 0 1 
3 55 2 5 57 1 4 2 1 3 2 5 0 2 2 3 2 1 0 
2 55 2 5 57 1 4 2 1 3 2 5 0 2 2 3 2 1 0 
1 55 2 5 57 1 4 2 1 3 2 5 0 2 2 3 2 1 0 
0 55 2 5 57 1 4 2 1 3 2 5 0 2 2 3 2 1 0 
1 27 4 8 183 3 1 3 0 4 2 5 1 0 3 2 2 0 1 
2 27 4 8 183 3 1 3 0 4 2 5 1 0 3 2 2 0 1 
3 27 4 8 183 3 1 3 0 4 2 5 1 0 3 2 2 0 1 
1 26 0 8 77 4 4 2 1 4 2 2 0 1 2 3 2 0 0 
0 26 0 8 77 4 4 2 1 4 2 2 0 1 2 3 2 0 0 
2 26 0 8 77 4 4 2 1 4 2 2 0 1 2 3 2 0 0 
1 74 1 4 55 4 3 1 0 1 0 1 2 2 1 1 2 0 1 
2 74 1 4 55 4 3 1 0 1 0 1 2 2 1 1 2 0 1 
2 30 2 3 40 4 3 3 0 3 3 2 0 0 2 1 1 0 1 
1 30 2 3 40 4 3 3 0 3 3 2 0 0 2 1 1 0 1 
3 30 2 8 181 2 3 2 0 1 0 8 0 2 4 1 2 0 0 
2 61 0 8 73 4 2 3 0 1 0 5 1 0 4 2 2 0 0 
3 61 0 8 73 4 2 3 0 1 0 5 1 0 4 2 2 0 0 
1 61 0 8 73 4 2 3 0 1 0 5 1 0 4 2 2 0 0 
0 61 0 8 73 4 2 3 0 1 0 5 1 0 4 2 2 0 0 
0 61 3 7 59 1 0 2 1 3 2 8 0 2 2 1 2 1 1 
1 61 3 7 59 1 0 2 1 3 2 8 0 2 2 1 2 1 1 
3 75 0 6 192 4 1 4 0 3 3 1 1 2 3 0 2 0 0 
0 30 2 5 178 2 1 2 0 3 3 6 0 0 4 3 2 0 0 
1 52 1 1 126 2 0 3 0 2 1 7 0 2 2 0 1 0 0 
3 34 1 9 63 1 1 3 2 2 2 6 2 2 3 3 1 1 1 
2 34 1 9 63 1 1 3 2 2 2 6 2 2 3 3 1 1 1 
1 34 1 9 63 1 1 3 2 2 2 6 2 2 3 3 1 1 1 
0 34 1 9 63 1 1 3 2 2 2 6 2 2 3 3 1 1 1 
3 8 1 8 48 0 2 3 2 4 0 4 0 0 2 2 1 1 1 
2 8 1 8 48 0 2 3 2 4 0 4 0 0 2 2 1 1 1 
0 30 0 9 68 0 0 2 1 2 0 8 1 0 1 0 2 0 1 
0 49 1 9 124 3 1 2 2 2 2 4 2 0 3 2 1 0 0 
1 26 0 4 45 0 2 3 0 3 2 5 1 2 3 2 1 0 1 
2 26 0 4 45 0 2 3 0 3 2 5 1 2 3 2 1 0 1 
0 26 0 4 45 0 2 3 0 3 2 5 1 2 3 2 1 0 1 
3 26 0 4 45 0 2 3 0 3 2 5 1 2 3 2 1 0 1 
1 34 1 1 127 3 1 1 0 3 3 2 0 2 3 2 1 0 0 
1 59 3 2 77 4 1 4 2 2 0 4 2 1 2 0 1 0 0 
0 59 3 2 77 4 1 4 2 2 0 4 2 1 2 0 1 0 0 
1 46 0 5 49 0 2 3 1 2 0 6 0 0 1 3 1 1 0 
2 46 0 5 49 0 2 3 1 2 0 6 0 0 1 3 1 1 0 
0 78 3 2 71 1 1 3 2 1 0 6 0 1 4 1 1 0 1 
1 78 3 2 71 1 1 3 2 1 0 6 0 1 4 1 1 0 1 
3 11 1 2 42 0 1 4 0 3 0 7 1 1 1 1 1 1 1 
2 11 1 2 42 0 1 4 0 3 0 7 1 1 1 1 1 1 1 
1 11 1 2 42 0 1 4 0 3 0 7 1 1 1 1 1 1 1 
3 60 3 7 115 3 0 4 0 1 1 5 1 0 2 3 2 1 1 
0 30 3 6 73 0 2 4 2 4 2 2 2 0 3 3 1 0 0 
1 42 1 1 79 2 2 4 0 3 0 4 2 2 4 3 1 0 1 
0 42 1 1 79 2 2 4 0 3 0 4 2 2 4 3 1 0 1 
1 52 2 4 61 3 4 2 2 1 0 5 2 1 2 1 2 0 0 
2 52 2 4 61 3 4 2 2 1 0 5 2 1 2 1 2 0 0 
0 52 2 4 61 3 4 2 2 1 0 5 2 1 2 1 2 0 0 
3 52 2 4 61 3 4 2 2 1 0 5 2 1 2 1 2 0 0 
2 24 4 2 175 4 2 2 1 3 3 2 1 0 4 0 2 0 1 
3 24 4 2 175 4 2 2 1 3 3 2 1 0 4 0 2 0 1 
1 42 0 4 51 4 0 2 0 2 3 8 1 1 4 3 1 1 1 
0 42 0 4 51 4 0 2 0 2 3 8 1 1 4 3 1 1 1 
3 3 2 9 54 2 1 1 1 1 3 2 1 2 4 2 2 0 0 
2 3 2 9 54 2 1 1 1 1 3 2 1 2 4 2 2 0 0 
2 48 3 9 149 4 1 1 0 1 3 3 0 2 4 1 1 0 1 
2 47 3 2 59 0 3 3 2 1 1 7 1 0 1 2 1 1 1 
3 47 3 2 59 0 3 3 2 1 1 7 1 0 1 2 1 1 1 
0 35 1 0 107 0 2 3 0 2 1 7 2 2 2 0 2 0 0 
2 57 0 9 161 4 0 4 1 2 1 5 1 2 1 3 2 1 1 
0 13 1 2 90 1 3 3 1 1 3 8 2 1 2 1 1 1 1 
1 25 1 6 162 3 0 2 1 3 0 8 0 0 3 1 2 0 1 
1 15 2 4 5 4 4 2 0 1 2 1 1 0 1 0 1 0 0 
0 15 2 4 5 4 4 2 0 1 2 1 1 0 1 0 1 0 0 
1 12 3 1 5 3 0 3 0 4 1 7 2 1 2 2 2 0 0 
2 12 3 1 5 3 0 3 0 4 1 7 2 1 2 2 2 0 0 
3 12 3 1 5 3 0 3 0 4 1 7 2 1 2 2 2 0 0 
0 44 3 2 54 4 2 3 1 3 1 5 0 2 4 1 1 0 1 
1 49 0 8 124 1 0 3 2 1 1 2 0 2 4 0 1 0 0 
0 36 2 8 74 4 4 2 0 1 0 7 0 0 4 3 2 0 1 
1 36 2 8 74 4 4 2 0 1 0 7 0 0 4 3 2 0 1 
1 64 4 2 57 1 4 3 1 3 3 7 0 2 3 2 2 1 0 
0 64 4 2 57 1 4 3 1 3 3 7 0 2 3 2 2 1 0 
2 47 3 2 46 1 3 1 0 4 1 4 1 2 1 1 2 0 0 
1 47 3 2 46 1 3 1 0 4 1 4 1 2 1 1 2 0 0 
0 47 3 2 46 1 3 1 0 4 1 4 1 2 1 1 2 0 0 
2 76 2 2 91 4 0 4 2 1 0 7 1 0 1 1 1 0 0 
1 76 2 2 91 4 0 4 2 1 0 7 1 0 1 1 1 0 0 
0 76 2 2 91 4 0 4 2 1 0 7 1 0 1 1 1 0 0 
2 33 3 4 46 4 2 2 1 2 3 5 0 1 3 3 1 0 0 
1 33 3 4 46 4 2 2 1 2 3 5 0 1 3 3 1 0 0 
3 33 3 4 46 4 2 2 1 2 3 5 0 1 3 3 1 0 0 
0 57 1 3 54 0 1 4 2 4 2 3 2 1 2 2 1 0 1 
1 57 1 3 54 0 1 4 2 4 2 3 2 1 2 2 1 0 1 
2 57 1 3 54 0 1 4 2 4 2 3 2 1 2 2 1 0 1 
2 37 4 3 105 1 2 2 2 2 2 1 1 2 2 0 2 0 1 
3 37 4 3 105 1 2 2 2 2 2 1 1 2 2 0 2 0 1 
1 37 4 3 105 1 2 2 2 2 2 1 1 2 2 0 2 0 1 
0 37 4 3 105 1 2 2 2 2 2 1 1 2 2 0 2 0 1 
0 66 3 4 85 4 4 1 2 4 0 3 0 0 1 2 1 1 1 
3 1 0 1 4 1 0 2 2 1 3 8 0 2 3 3 1 0 1 
1 35 0 10 199 4 0 3 2 2 3 8 2 2 4 0 1 0 0 
0 24 2 4 27 0 3 3 2 3 2 5 1 1 1 3 1 0 0 
1 24 2 4 27 0 3 3 2 3 2 5 1 1 1 3 1 0 0 
2 38 3 4 44 4 4 2 1 1 0 4 1 2 1 1 1 0 0 
1 38 3 4 44 4 4 2 1 1 0 4 1 2 1 1 1 0 0 
3 38 3 4 44 4 4 2 1 1 0 4 1 2 1 1 1 0 0 
0 38 3 4 44 4 4 2 1 1 0 4 1 2 1 1 1 0 0 
2 80 1 5 116 4 2 4 1 1 0 4 0 1 3 2 2 0 0 
1 80 1 5 116 4 2 4 1 1 0 4 0 1 3 2 2 0 0 
0 80 1 5 116 4 2 4 1 1 0 4 0 1 3 2 2 0 0 
1 55 2 6 90 1 3 1 1 2 3 8 2 2 2 2 1 1 1 
0 14 2 10 59 3 4 1 2 1 2 8 0 0 2 1 1 1 0 
0 29 1 7 103 4 0 1 0 2 2 1 1 0 3 0 1 1 1 
1 68 4 3 132 3 2 4 0 2 0 2 2 1 3 2 2 1 0 
0 68 4 3 132 3 2 4 0 2 0 2 2 1 3 2 2 1 0 
0 34 2 9 158 4 0 2 1 3 2 5 2 1 4 2 1 1 1 
0 60 0 4 51 1 2 2 0 1 2 6 1 1 4 2 2 1 1 
0 32 4 5 130 3 2 3 2 2 1 5 0 2 1 2 2 0 1 
3 54 2 7 55 3 3 2 2 3 0 6 1 1 1 3 1 0 1 
0 36 1 8 160 2 2 4 1 3 1 7 1 1 3 3 1 0 1 
0 38 0 7 82 4 1 2 0 1 0 1 1 1 4 0 1 1 0 
3 7 2 10 21 3 2 2 0 2 1 5 2 0 4 2 2 0 1 
0 54 4 9 101 3 3 1 1 3 2 8 2 2 3 1 1 0 1 
0 77 4 7 72 4 4 1 0 4 2 7 1 1 4 1 2 1 1 
2 43 3 7 72 4 1 4 2 1 3 5 2 2 1 3 1 1 0 
1 43 3 7 72 4 1 4 2 1 3 5 2 2 1 3 1 1 0 
3 43 3 7 72 4 1 4 2 1 3 5 2 2 1 3 1 1 0 
2 72 0 5 125 3 3 4 0 2 0 1 0 2 3 3 2 0 0 
1 72 0 5 125 3 3 4 0 2 0 1 0 2 3 3 2 0 0 
0 72 0 5 125 3 3 4 0 2 0 1 0 2 3 3 2 0 0 
2 30 3 1 112 3 4 1 0 1 3 3 1 1 1 1 1 0 1 
1 30 3 1 112 3 4 1 0 1 3 3 1 1 1 1 1 0 1 
3 30 3 1 112 3 4 1 0 1 3 3 1 1 1 1 1 0 1 
3 19 1 10 80 3 3 3 1 2 3 7 0 2 3 2 2 0 0 
1 21 4 10 134 4 1 4 0 1 3 3 2 2 3 0 1 0 0 
2 29 1 3 181 4 2 2 0 2 2 3 1 0 1 2 2 0 0 
0 25 1 7 44 0 1 1 1 4 2 1 0 1 3 0 2 0 0 
1 25 1 7 44 0 1 1 1 4 2 1 0 1 3 0 2 0 0 
0 54 3 3 53 1 1 1 1 4 3 5 0 2 3 1 2 1 1 
1 54 3 3 53 1 1 1 1 4 3 5 0 2 3 1 2 1 1 
0 8 3 0 9 1 4 1 2 1 2 4 0 2 1 2 2 0 1 
1 28 3 7 135 4 1 2 2 2 3 7 0 0 2 3 2 0 1 
0 28 3 7 135 4 1 2 2 2 3 7 0 0 2 3 2 0 1 
1 28 3 5 10 3 4 1 1 3 1 7 0 1 1 0 2 0 0 
0 28 3 5 10 3 4 1 1 3 1 7 0 1 1 0 2 0 0 
0 46 1 2 86 2 0 3 2 2 3 7 1 1 1 0 1 0 1 
1 54 4 4 55 1 0 4 0 2 2 7 2 0 4 1 2 0 1 
3 19 2 1 104 1 1 1 1 3 0 7 1 1 4 2 2 0 1 
2 19 2 1 104 1 1 1 1 3 0 7 1 1 4 2 2 0 1 
1 34 1 10 97 4 0 4 1 3 0 1 2 1 3 1 1 1 1 
2 78 0 3 78 0 0 2 2 2 0 8 1 0 1 1 1 0 1 
1 78 0 3 78 0 0 2 2 2 0 8 1 0 1 1 1 0 1 
3 78 0 3 78 0 0 2 2 2 0 8 1 0 1 1 1 0 1 
0 78 0 3 78 0 0 2 2 2 0 8 1 0 1 1 1 0 1 
1 13 4 1 7 1 0 2 0 1 0 7 0 0 2 1 2 0 0 
2 13 4 1 7 1 0 2 0 1 0 7 0 0 2 1 2 0 0 
3 13 4 1 7 1 0 2 0 1 0 7 0 0 2 1 2 0 0 
1 73 0 3 167 4 1 4 2 3 0 3 1 2 1 0 2 1 0 
2 33 3 0 75 3 0 3 1 3 0 2 2 1 3 1 1 0 1 
1 33 3 0 75 3 0 3 1 3 0 2 2 1 3 1 1 0 1 
0 62 0 0 95 1 3 3 0 3 0 6 2 2 2 0 1 0 0 
0 47 0 4 45 3 0 1 2 3 3 3 0 0 3 2 1 1 1 
2 65 3 8 119 3 3 4 1 1 3 3 0 2 1 2 2 1 0 
1 54 1 3 46 0 1 3 1 1 1 4 0 1 4 3 2 1 1 
0 54 1 3 46 0 1 3 1 1 1 4 0 1 4 3 2 1 1 
0 37 1 4 120 0 1 4 1 2 2 2 2 2 3 3 2 0 0 
0 23 4 10 53 0 3 3 0 4 1 3 0 1 2 2 2 1 0 
1 28 3 7 30 0 3 2 1 3 1 7 1 1 3 3 1 1 1 
0 38 3 3 194 2 2 4 1 1 3 7 0 0 2 2 2 0 1 
0 1 3 7 25 2 1 4 0 3 2 8 1 1 1 3 1 0 0 
3 21 0 6 61 4 2 3 2 3 2 1 0 1 1 2 2 0 0 
0 72 0 5 112 0 1 3 1 4 0 3 0 2 1 3 1 1 0 
1 72 0 5 112 0 1 3 1 4 0 3 0 2 1 3 1 1 0 
0 79 0 5 89 3 3 4 1 1 3 7 1 1 2 1 1 1 1 
2 48 0 1 34 1 4 2 0 2 2 8 2 2 3 3 2 1 1 
3 48 0 1 34 1 4 2 0 2 2 8 2 2 3 3 2 1 1 
2 39 4 4 118 4 0 1 2 4 3 1 1 1 2 1 2 1 1 
3 39 4 4 118 4 0 1 2 4 3 1 1 1 2 1 2 1 1 
2 43 0 2 121 4 0 1 1 2 1 1 0 1 1 3 1 0 0 
2 5 4 9 48 0 3 1 0 4 1 8 0 1 2 3 1 0 1 
3 34 3 3 151 4 0 4 1 2 0 5 0 2 4 2 2 0 1 
0 30 3 9 40 1 4 2 0 4 1 1 2 2 3 2 2 1 1 
0 14 1 9 51 4 2 1 1 2 0 2 1 0 4 3 1 0 0 
1 14 1 9 51 4 2 1 1 2 0 2 1 0 4 3 1 0 0 
0 20 2 8 131 2 1 3 2 2 2 7 2 2 2 0 2 0 0 
3 64 0 10 111 4 3 1 0 2 2 3 2 1 1 0 1 0 1 
2 12 2 0 59 1 0 1 0 4 2 2 0 1 2 2 1 1 0 
2 73 0 6 187 3 2 3 0 1 3 5 1 1 3 3 1 0 0 
1 72 2 8 164 3 4 4 2 2 3 8 0 2 1 1 2 0 0 
1 65 3 10 90 4 4 4 1 2 2 7 1 1 1 2 2 0 1 
2 65 3 10 90 4 4 4 1 2 2 7 1 1 1 2 2 0 1 
0 65 3 10 90 4 4 4 1 2 2 7 1 1 1 2 2 0 1 
0 61 2 9 83 4 0 4 2 3 2 4 1 2 4 3 2 1 1 
1 61 2 9 83 4 0 4 2 3 2 4 1 2 4 3 2 1 1 
0 56 3 4 55 0 4 1 2 2 2 1 2 2 1 3 2 0 1 
1 56 3 4 55 0 4 1 2 2 2 1 2 2 1 3 2 0 1 
2 56 3 4 55 0 4 1 2 2 2 1 2 2 1 3 2 0 1 
2 57 0 8 101 4 3 2 1 3 1 7 2 1 2 3 1 0 0 
3 32 2 9 161 2 0 2 0 1 1 4 0 2 3 1 2 0 1 
2 25 3 4 122 1 1 1 0 4 1 1 1 1 3 3 1 0 1 
1 25 3 4 122 1 1 1 0 4 1 1 1 1 3 3 1 0 1 
0 25 3 4 122 1 1 1 0 4 1 1 1 1 3 3 1 0 1 
3 25 3 4 122 1 1 1 0 4 1 1 1 1 3 3 1 0 1 
2 59 2 4 111 3 1 1 0 3 0 1 1 2 1 3 1 0 0 
3 59 2 4 111 3 1 1 0 3 0 1 1 2 1 3 1 0 0 
1 59 2 4 111 3 1 1 0 3 0 1 1 2 1 3 1 0 0 
0 59 2 4 111 3 1 1 0 3 0 1 1 2 1 3 1 0 0 
1 55 4 4 26 0 2 2 1 2 0 6 2 2 4 3 1 0 1 
0 55 4 4 26 0 2 2 1 2 0 6 2 2 4 3 1 0 1 
2 15 2 6 3 0 4 1 0 1 1 8 1 0 1 1 1 0 0 
1 15 2 6 3 0 4 1 0 1 1 8 1 0 1 1 1 0 0 
3 15 2 6 3 0 4 1 0 1 1 8 1 0 1 1 1 0 0 
2 61 1 6 95 4 0 1 0 4 1 3 0 2 4 3 1 0 0 
1 61 1 6 95 4 0 1 0 4 1 3 0 2 4 3 1 0 0 
2 60 2 6 57 3 4 4 2 2 1 7 1 1 1 3 2 0 0 
1 60 2 6 57 3 4 4 2 2 1 7 1 1 1 3 2 0 0 
0 60 2 6 57 3 4 4 2 2 1 7 1 1 1 3 2 0 0 
3 60 2 6 57 3 4 4 2 2 1 7 1 1 1 3 2 0 0 
1 64 3 3 167 1 0 3 0 2 2 5 2 2 3 1 2 0 0 
0 41 1 6 63 3 4 1 2 2 3 2 0 1 4 0 1 1 1 
2 8 0 4 34 4 3 3 1 4 1 8 2 0 2 1 1 1 0 
1 8 0 4 34 4 3 3 1 4 1 8 2 0 2 1 1 1 0 
2 26 4 4 102 3 0 2 0 2 0 5 1 0 4 3 1 0 1 
3 26 4 4 102 3 0 2 0 2 0 5 1 0 4 3 1 0 1 
0 69 2 1 72 3 4 2 1 1 2 8 1 1 1 1 1 0 0 
1 69 2 1 72 3 4 2 1 1 2 8 1 1 1 1 1 0 0 
2 69 2 1 72 3 4 2 1 1 2 8 1 1 1 1 1 0 0 
3 69 2 1 72 3 4 2 1 1 2 8 1 1 1 1 1 0 0 
2 38 4 8 172 2 0 4 0 2 1 3 1 0 2 0 2 1 0 
2 31 0 4 18 0 2 2 2 3 1 5 2 0 1 1 1 1 0 
3 31 0 4 18 0 2 2 2 3 1 5 2 0 1 1 1 1 0 
1 42 1 9 128 3 2 1 2 4 3 2 2 2 1 2 2 1 1 
0 42 1 9 128 3 2 1 2 4 3 2 2 2 1 2 2 1 1 
2 42 1 9 128 3 2 1 2 4 3 2 2 2 1 2 2 1 1 
3 46 0 9 54 3 3 4 1 4 1 2 1 2 2 2 2 0 1 
2 46 0 9 54 3 3 4 1 4 1 2 1 2 2 2 2 0 1 
1 46 0 9 54 3 3 4 1 4 1 2 1 2 2 2 2 0 1 
0 46 0 9 54 3 3 4 1 4 1 2 1 2 2 2 2 0 1 
1 34 4 6 16 4 2 1 1 2 3 6 1 1 3 3 1 0 0 
0 34 4 6 16 4 2 1 1 2 3 6 1 1 3 3 1 0 0 
2 34 4 6 16 4 2 1 1 2 3 6 1 1 3 3 1 0 0 
3 34 4 6 16 4 2 1 1 2 3 6 1 1 3 3 1 0 0 
3 65 0 7 64 2 4 3 2 2 3 6 1 1 3 2 2 1 1 
2 65 0 7 64 2 4 3 2 2 3 6 1 1 3 2 2 1 1 
1 65 0 7 64 2 4 3 2 2 3 6 1 1 3 2 2 1 1 
0 65 0 7 64 2 4 3 2 2 3 6 1 1 3 2 2 1 1 
2 67 0 2 71 2 2 2 0 2 2 6 2 2 4 3 1 0 1 
3 67 0 2 71 2 2 2 0 2 2 6 2 2 4 3 1 0 1 
1 67 0 2 71 2 2 2 0 2 2 6 2 2 4 3 1 0 1 
0 67 0 2 71 2 2 2 0 2 2 6 2 2 4 3 1 0 1 
0 17 4 2 43 3 2 2 2 3 0 7 1 0 4 1 1 0 1 
1 17 4 2 43 3 2 2 2 3 0 7 1 0 4 1 1 0 1 
2 17 4 2 43 3 2 2 2 3 0 7 1 0 4 1 1 0 1 
3 17 4 2 43 3 2 2 2 3 0 7 1 0 4 1 1 0 1 
3 80 0 9 142 0 4 4 0 3 0 7 1 1 3 0 2 0 1 
1 70 1 0 72 0 0 4 0 3 0 7 0 2 2 2 1 1 1 
0 70 1 0 72 0 0 4 0 3 0 7 0 2 2 2 1 1 1 
2 70 1 0 72 0 0 4 0 3 0 7 0 2 2 2 1 1 1 
3 70 1 0 72 0 0 4 0 3 0 7 0 2 2 2 1 1 1 
0 30 2 9 197 1 0 4 1 1 3 6 0 2 3 3 2 0 0 
0 38 4 10 12 3 3 4 1 2 0 4 2 1 4 2 2 1 0 
0 72 1 5 98 2 1 4 2 1 1 5 1 2 4 3 1 0 1 
0 30 0 6 164 2 3 2 1 3 2 3 2 2 2 0 1 0 0 
2 70 4 3 55 1 2 4 2 3 2 5 2 1 1 0 1 0 1 
2 36 0 10 2 1 0 1 1 3 1 6 1 0 4 3 1 1 1 
0 55 2 3 103 4 1 2 0 3 3 7 0 1 3 3 1 0 0 
1 49 1 3 40 0 3 2 1 4 2 3 2 0 2 3 1 0 1 
0 49 1 3 40 0 3 2 1 4 2 3 2 0 2 3 1 0 1 
2 37 1 2 21 0 0 3 1 2 2 7 2 1 4 3 2 1 1 
3 37 1 2 21 0 0 3 1 2 2 7 2 1 4 3 2 1 1 
2 62 3 2 74 2 0 3 0 4 2 6 0 1 2 2 2 0 1 
1 62 3 2 74 2 0 3 0 4 2 6 0 1 2 2 2 0 1 
0 62 3 2 74 2 0 3 0 4 2 6 0 1 2 2 2 0 1 
3 62 3 2 74 2 0 3 0 4 2 6 0 1 2 2 2 0 1 
2 28 2 0 42 1 0 1 1 4 2 5 2 2 3 3 1 0 1 
3 28 2 0 42 1 0 1 1 4 2 5 2 2 3 3 1 0 1 
1 28 2 0 42 1 0 1 1 4 2 5 2 2 3 3 1 0 1 
0 22 2 4 48 0 0 2 1 4 1 5 2 0 2 1 2 1 1 
1 5 0 9 42 4 0 2 2 3 0 1 1 0 2 3 2 1 0 
0 5 0 9 42 4 0 2 2 3 0 1 1 0 2 3 2 1 0 
2 79 2 3 59 1 2 3 2 2 0 8 0 0 2 3 2 1 0 
1 79 2 3 59 1 2 3 2 2 0 8 0 0 2 3 2 1 0 
1 37 0 2 81 3 2 4 2 4 0 2 2 0 1 3 2 0 1 
2 58 3 6 32 0 4 1 1 4 0 7 1 0 2 1 1 0 1 
1 58 3 6 32 0 4 1 1 4 0 7 1 0 2 1 1 0 1 
0 58 3 6 32 0 4 1 1 4 0 7 1 0 2 1 1 0 1 
3 58 3 6 32 0 4 1 1 4 0 7 1 0 2 1 1 0 1 
0 22 1 9 94 4 3 1 2 4 0 1 0 1 3 1 1 1 1 
3 80 4 8 77 4 2 2 1 2 0 8 2 2 1 2 1 0 1 
2 80 4 8 77 4 2 2 1 2 0 8 2 2 1 2 1 0 1 
1 80 4 8 77 4 2 2 1 2 0 8 2 2 1 2 1 0 1 
0 80 4 8 77 4 2 2 1 2 0 8 2 2 1 2 1 0 1 
0 32 1 2 51 3 3 2 2 2 0 6 2 0 4 0 1 0 1 
1 12 1 1 16 0 4 4 0 3 1 3 2 1 3 3 2 0 1 
0 12 1 1 16 0 4 4 0 3 1 3 2 1 3 3 2 0 1 
2 54 3 5 106 3 1 1 2 4 2 5 1 1 2 3 2 0 1 
3 54 3 5 106 3 1 1 2 4 2 5 1 1 2 3 2 0 1 
1 37 4 4 20 0 1 2 0 4 1 8 1 2 4 1 2 0 0 
0 19 1 0 69 0 1 2 0 3 1 2 0 1 1 3 2 1 1 
1 19 1 0 69 0 1 2 0 3 1 2 0 1 1 3 2 1 1 
2 19 1 0 69 0 1 2 0 3 1 2 0 1 1 3 2 1 1 
0 6 1 6 35 0 1 3 2 4 2 5 2 1 1 2 2 1 0 
0 22 4 2 8 4 2 2 0 3 2 6 0 0 3 2 1 0 1 
0 34 3 2 37 2 3 3 2 2 2 8 2 1 3 0 1 1 1 
2 29 0 4 55 2 0 2 2 1 1 4 0 1 2 2 1 0 0 
3 29 0 4 55 2 0 2 2 1 1 4 0 1 2 2 1 0 0 
1 44 3 1 60 2 3 3 1 1 2 3 2 0 2 1 1 0 1 
0 44 3 1 60 2 3 3 1 1 2 3 2 0 2 1 1 0 1 
2 44 3 1 60 2 3 3 1 1 2 3 2 0 2 1 1 0 1 
1 75 1 7 54 2 2 3 1 4 0 5 1 1 4 0 1 0 1 
0 75 1 7 54 2 2 3 1 4 0 5 1 1 4 0 1 0 1 
0 38 3 3 59 2 0 2 2 3 1 1 0 1 4 3 1 1 1 
3 74 2 4 84 3 3 3 2 3 1 1 2 2 1 2 2 1 1 
2 74 2 4 84 3 3 3 2 3 1 1 2 2 1 2 2 1 1 
1 74 2 4 84 3 3 3 2 3 1 1 2 2 1 2 2 1 1 
0 74 2 4 84 3 3 3 2 3 1 1 2 2 1 2 2 1 1 
0 29 2 10 28 0 2 2 1 1 0 2 1 1 4 3 1 1 1 
2 65 2 2 69 4 4 4 2 3 2 5 0 0 1 1 1 0 0 
1 65 2 2 69 4 4 4 2 3 2 5 0 0 1 1 1 0 0 
0 65 2 2 69 4 4 4 2 3 2 5 0 0 1 1 1 0 0 
1 56 2 7 91 3 3 4 2 1 3 4 1 0 1 2 1 0 0 
2 32 3 3 107 1 1 3 0 4 1 4 2 0 3 0 2 0 1 
3 32 3 3 107 1 1 3 0 4 1 4 2 0 3 0 2 0 1 
2 66 4 7 161 4 0 3 2 1 0 7 1 0 1 1 2 1 0 
0 10 4 2 54 1 1 2 2 3 0 4 0 0 3 1 2 1 0 
0 41 0 2 121 4 1 3 0 1 3 6 0 2 1 3 1 0 0 
1 79 2 6 50 3 4 2 2 4 1 8 1 2 1 3 2 0 1 
0 79 2 6 50 3 4 2 2 4 1 8 1 2 1 3 2 0 1 
2 42 1 5 1 3 3 2 1 2 2 8 2 2 3 1 1 1 1 
3 42 1 5 1 3 3 2 1 2 2 8 2 2 3 1 1 1 1 
2 11 0 7 29 3 1 4 1 4 1 5 1 2 1 2 2 0 0 
1 29 2 9 5 4 0 4 2 4 2 4 1 1 2 0 2 1 0 
2 29 2 9 5 4 0 4 2 4 2 4 1 1 2 0 2 1 0 
0 73 0 4 88 4 2 4 2 2 3 5 0 2 3 3 2 0 1 
1 73 0 4 88 4 2 4 2 2 3 5 0 2 3 3 2 0 1 
2 73 0 4 88 4 2 4 2 2 3 5 0 2 3 3 2 0 1 
3 73 0 4 88 4 2 4 2 2 3 5 0 2 3 3 2 0 1 
1 35 3 1 122 4 1 2 1 2 1 5 1 1 3 2 1 0 1 
1 28 1 10 87 4 1 4 1 4 0 4 2 1 4 3 1 0 1 
2 28 1 10 87 4 1 4 1 4 0 4 2 1 4 3 1 0 1 
0 55 4 8 94 3 4 2 1 2 0 8 2 0 2 2 2 1 1 
0 35 0 2 187 4 0 3 2 4 3 4 2 2 3 1 2 0 1 
0 28 3 0 115 0 0 1 0 4 2 3 1 0 2 1 2 1 1 
1 36 4 4 49 2 4 2 1 4 3 5 2 2 2 3 2 1 0 
0 36 4 4 49 2 4 2 1 4 3 5 2 2 2 3 2 1 0 
3 38 4 4 65 4 4 4 2 1 3 6 1 2 1 1 1 1 1 
2 38 4 4 65 4 4 4 2 1 3 6 1 2 1 1 1 1 1 
1 38 4 4 65 4 4 4 2 1 3 6 1 2 1 1 1 1 1 
1 73 0 7 133 1 3 3 2 2 1 2 0 2 1 0 2 1 0 
0 31 1 1 34 2 1 2 2 2 0 7 1 2 3 3 1 1 0 
1 31 1 1 34 2 1 2 2 2 0 7 1 2 3 3 1 1 0 
2 31 1 1 34 2 1 2 2 2 0 7 1 2 3 3 1 1 0 
2 6 1 0 9 4 3 2 1 4 0 6 0 0 1 0 1 0 1 
1 6 1 0 9 4 3 2 1 4 0 6 0 0 1 0 1 0 1 
0 6 1 0 9 4 3 2 1 4 0 6 0 0 1 0 1 0 1 
2 39 1 2 35 3 1 1 1 2 0 8 2 2 4 2 2 1 1 
1 39 1 2 35 3 1 1 1 2 0 8 2 2 4 2 2 1 1 
3 39 1 2 35 3 1 1 1 2 0 8 2 2 4 2 2 1 1 
3 56 2 9 156 4 1 1 0 2 2 6 2 2 2 0 2 0 0 
0 7 1 10 61 0 2 1 1 4 2 7 2 0 3 3 2 0 1 
2 61 0 6 71 1 4 3 1 4 3 6 0 1 1 2 2 1 0 
1 61 0 6 71 1 4 3 1 4 3 6 0 1 1 2 2 1 0 
0 61 0 6 71 1 4 3 1 4 3 6 0 1 1 2 2 1 0 
3 23 4 5 17 1 2 1 1 1 1 7 0 2 3 3 2 0 0 
2 23 4 5 17 1 2 1 1 1 1 7 0 2 3 3 2 0 0 
1 23 4 5 17 1 2 1 1 1 1 7 0 2 3 3 2 0 0 
0 23 4 5 17 1 2 1 1 1 1 7 0 2 3 3 2 0 0 
2 38 3 8 3 1 0 2 2 4 0 6 2 2 3 0 2 0 0 
1 41 3 3 43 1 2 1 0 3 3 6 2 1 2 1 1 1 0 
0 41 3 3 43 1 2 1 0 3 3 6 2 1 2 1 1 1 0 
1 79 2 9 122 4 4 3 1 4 0 4 2 1 2 3 1 1 0 
2 26 0 8 80 3 4 3 2 1 1 4 2 2 3 3 1 1 1 
1 26 0 8 80 3 4 3 2 1 1 4 2 2 3 3 1 1 1 
0 26 0 8 80 3 4 3 2 1 1 4 2 2 3 3 1 1 1 
1 42 0 2 195 3 2 3 1 1 2 1 1 2 3 3 2 0 0 
2 56 0 2 66 4 3 3 2 4 1 4 0 2 1 3 1 1 0 
1 56 0 2 66 4 3 3 2 4 1 4 0 2 1 3 1 1 0 
0 56 0 2 66 4 3 3 2 4 1 4 0 2 1 3 1 1 0 
2 75 2 4 122 4 3 3 2 3 0 8 0 0 1 3 1 0 0 
1 73 3 3 65 2 0 4 0 4 1 3 1 0 1 3 1 0 1 
0 73 3 3 65 2 0 4 0 4 1 3 1 0 1 3 1 0 1 
1 39 1 0 43 0 4 2 1 4 0 6 0 1 2 1 2 1 0 
0 39 1 0 43 0 4 2 1 4 0 6 0 1 2 1 2 1 0 
2 27 4 6 166 0 2 2 0 4 3 8 2 2 4 0 1 1 1 
1 27 4 6 166 0 2 2 0 4 3 8 2 2 4 0 1 1 1 
0 27 4 6 166 0 2 2 0 4 3 8 2 2 4 0 1 1 1 
0 30 4 0 19 3 3 3 1 3 2 5 1 0 1 0 2 0 1 
0 69 2 9 83 2 0 4 1 2 0 3 2 0 1 2 1 1 0 
3 1 1 2 20 2 2 3 0 4 2 8 1 2 3 1 1 1 0 
2 1 1 2 20 2 2 3 0 4 2 8 1 2 3 1 1 1 0 
1 64 1 6 124 3 1 2 1 4 2 7 1 2 3 2 2 0 0 
2 64 1 6 124 3 1 2 1 4 2 7 1 2 3 2 2 0 0 
1 79 4 10 108 4 3 4 0 1 1 2 1 0 2 0 1 1 0 
2 79 4 10 108 4 3 4 0 1 1 2 1 0 2 0 1 1 0 
0 79 4 10 108 4 3 4 0 1 1 2 1 0 2 0 1 1 0 
1 28 4 0 98 0 3 4 0 4 3 2 0 2 1 3 1 1 1 
0 28 4 0 98 0 3 4 0 4 3 2 0 2 1 3 1 1 1 
2 28 4 0 98 0 3 4 0 4 3 2 0 2 1 3 1 1 1 
3 21 4 0 104 4 1 4 2 2 1 4 2 2 1 2 1 0 0 
0 80 4 9 112 4 2 4 2 1 1 1 2 1 4 2 2 1 1 
0 72 1 7 130 2 3 4 2 1 2 2 2 1 3 2 2 0 1 
1 56 2 8 74 4 4 1 0 3 1 4 2 1 1 1 2 0 1 
0 56 2 8 74 4 4 1 0 3 1 4 2 1 1 1 2 0 1 
2 39 4 3 75 4 3 1 1 3 0 5 0 2 1 2 1 1 1 
0 45 3 1 43 0 1 3 1 3 0 8 1 0 3 2 1 1 0 
0 40 3 2 151 3 4 3 0 1 1 4 1 1 3 1 1 0 1 
2 58 0 9 109 2 0 2 0 3 1 3 2 1 2 2 1 1 0 
0 71 0 2 116 0 2 1 0 2 0 7 0 2 2 3 2 1 0 
1 71 0 2 116 0 2 1 0 2 0 7 0 2 2 3 2 1 0 
1 51 1 6 42 3 4 2 1 4 1 6 1 1 3 1 1 1 1 
0 51 1 6 42 3 4 2 1 4 1 6 1 1 3 1 1 1 1 
2 41 3 5 41 0 0 3 0 2 2 8 1 0 3 3 2 1 1 
1 41 3 5 41 0 0 3 0 2 2 8 1 0 3 3 2 1 1 
1 80 3 9 125 4 2 3 0 4 2 8 1 0 1 0 2 0 0 
0 42 1 4 23 2 0 2 2 1 3 6 2 1 1 0 2 1 1 
2 66 0 5 75 2 2 4 1 3 1 2 2 2 1 0 2 1 1 
1 66 0 5 75 2 2 4 1 3 1 2 2 2 1 0 2 1 1 
0 66 0 5 75 2 2 4 1 3 1 2 2 2 1 0 2 1 1 
1 78 3 10 115 4 0 4 0 4 1 4 1 0 3 3 2 0 0 
0 78 3 10 115 4 0 4 0 4 1 4 1 0 3 3 2 0 0 
2 15 2 4 5 3 4 2 2 1 0 1 0 0 2 3 2 0 0 
0 24 4 4 19 0 4 2 0 1 0 2 1 1 4 1 1 0 1 
2 54 0 6 66 3 0 4 1 3 0 4 1 0 1 3 2 1 0 
1 54 0 6 66 3 0 4 1 3 0 4 1 0 1 3 2 1 0 
0 54 0 6 66 3 0 4 1 3 0 4 1 0 1 3 2 1 0 
3 38 1 2 161 3 2 1 0 1 1 5 2 2 3 1 1 0 1 
3 30 4 0 59 4 2 3 1 1 0 4 0 2 2 2 2 1 1 
3 62 1 9 129 2 2 3 0 3 0 6 0 2 2 3 2 1 0 
2 33 3 10 55 2 1 3 1 2 3 4 1 1 3 1 2 1 1 
1 33 3 10 55 2 1 3 1 2 3 4 1 1 3 1 2 1 1 
0 33 3 10 55 2 1 3 1 2 3 4 1 1 3 1 2 1 1 
0 48 0 8 52 3 3 1 0 4 1 7 1 0 3 0 2 1 1 
1 48 0 8 52 3 3 1 0 4 1 7 1 0 3 0 2 1 1 
2 47 3 1 43 3 0 2 0 3 1 3 2 2 2 3 2 1 1 
2 74 2 2 98 2 1 3 2 3 1 7 1 2 1 3 2 0 1 
1 74 2 2 98 2 1 3 2 3 1 7 1 2 1 3 2 0 1 
3 74 2 2 98 2 1 3 2 3 1 7 1 2 1 3 2 0 1 
0 74 2 2 98 2 1 3 2 3 1 7 1 2 1 3 2 0 1 
2 67 1 9 159 0 1 3 1 4 0 3 0 2 2 1 1 0 0 
1 7 1 0 54 3 1 3 0 4 2 3 0 2 2 1 2 1 1 
2 7 1 0 54 3 1 3 0 4 2 3 0 2 2 1 2 1 1 
3 7 1 0 54 3 1 3 0 4 2 3 0 2 2 1 2 1 1 
0 37 1 1 30 2 2 3 2 1 3 7 1 0 3 2 2 1 1 
1 37 1 1 30 2 2 3 2 1 3 7 1 0 3 2 2 1 1 
2 16 2 6 19 0 2 3 0 3 3 4 2 0 1 3 1 0 0 
1 16 2 6 19 0 2 3 0 3 3 4 2 0 1 3 1 0 0 
0 37 0 9 71 1 4 2 1 4 3 1 2 0 1 1 1 1 1 
2 69 0 5 49 2 0 1 2 4 1 5 1 0 4 2 1 1 1 
1 16 2 4 17 4 1 1 0 2 0 6 1 2 2 0 2 0 1 
0 16 2 4 17 4 1 1 0 2 0 6 1 2 2 0 2 0 1 
0 13 4 4 57 2 0 4 2 3 3 6 2 0 3 3 1 0 1 
1 13 4 4 57 2 0 4 2 3 3 6 2 0 3 3 1 0 1 
2 43 0 9 194 3 2 1 0 3 0 2 0 1 3 0 2 0 0 
2 36 3 0 36 4 3 1 2 4 3 8 2 2 2 3 2 0 0 
1 66 3 4 78 2 4 2 2 4 1 4 2 0 2 1 1 0 1 
0 66 3 4 78 2 4 2 2 4 1 4 2 0 2 1 1 0 1 
2 66 3 4 78 2 4 2 2 4 1 4 2 0 2 1 1 0 1 
3 66 3 4 78 2 4 2 2 4 1 4 2 0 2 1 1 0 1 
2 14 2 2 57 4 3 3 1 4 1 3 1 1 4 3 1 0 0 
1 32 3 5 166 3 0 2 1 3 2 7 2 2 3 2 1 1 0 
0 43 0 6 110 4 4 4 1 1 1 2 1 2 2 3 2 1 0 
1 43 0 6 110 4 4 4 1 1 1 2 1 2 2 3 2 1 0 
2 55 0 9 116 4 0 4 1 4 0 8 2 1 1 2 2 0 1 
3 55 0 9 116 4 0 4 1 4 0 8 2 1 1 2 2 0 1 
1 60 3 9 81 4 0 3 1 1 2 5 0 1 4 2 1 1 0 
2 60 3 9 81 4 0 3 1 1 2 5 0 1 4 2 1 1 0 
2 35 3 0 63 2 1 3 2 4 1 6 2 2 2 1 2 1 1 
1 35 3 0 63 2 1 3 2 4 1 6 2 2 2 1 2 1 1 
1 28 2 3 122 3 4 3 0 2 0 6 1 2 4 0 2 0 1 
2 65 0 3 55 0 1 3 1 2 3 6 2 2 1 1 1 1 1 
1 65 0 3 55 0 1 3 1 2 3 6 2 2 1 1 1 1 1 
0 65 0 3 55 0 1 3 1 2 3 6 2 2 1 1 1 1 1 
3 65 0 3 55 0 1 3 1 2 3 6 2 2 1 1 1 1 1 
2 78 0 1 89 0 0 2 2 1 3 8 2 2 3 3 2 0 1 
3 78 0 1 89 0 0 2 2 1 3 8 2 2 3 3 2 0 1 
1 78 0 1 89 0 0 2 2 1 3 8 2 2 3 3 2 0 1 
0 78 0 1 89 0 0 2 2 1 3 8 2 2 3 3 2 0 1 
0 47 1 9 116 3 4 3 0 3 2 4 2 2 3 1 2 0 0 
1 47 1 9 116 3 4 3 0 3 2 4 2 2 3 1 2 0 0 
3 17 4 3 98 2 3 4 1 3 0 8 0 2 4 1 2 0 0 
1 53 1 4 195 4 1 3 1 1 1 4 2 1 3 1 1 0 0 
0 38 0 9 138 1 3 3 0 2 3 5 1 1 2 3 2 0 0 
0 77 1 10 64 2 4 4 1 3 0 7 2 0 3 0 1 0 1 
1 77 1 10 64 2 4 4 1 3 0 7 2 0 3 0 1 0 1 
2 77 1 10 64 2 4 4 1 3 0 7 2 0 3 0 1 0 1 
3 74 1 5 101 3 4 1 1 3 1 7 2 0 1 3 2 0 1 
2 74 1 5 101 3 4 1 1 3 1 7 2 0 1 3 2 0 1 
1 74 1 5 101 3 4 1 1 3 1 7 2 0 1 3 2 0 1 
0 74 1 5 101 3 4 1 1 3 1 7 2 0 1 3 2 0 1 
0 28 4 2 53 1 4 3 2 4 2 4 1 1 3 3 2 0 1 
0 10 3 1 14 2 4 2 0 2 2 2 2 1 4 0 1 0 0 
3 34 4 5 84 0 1 2 0 2 3 6 2 1 3 0 1 1 1 
2 34 4 5 84 0 1 2 0 2 3 6 2 1 3 0 1 1 1 
1 34 4 5 84 0 1 2 0 2 3 6 2 1 3 0 1 1 1 
0 34 4 5 84 0 1 2 0 2 3 6 2 1 3 0 1 1 1 
2 77 4 5 89 4 0 4 0 2 3 7 2 0 1 2 2 0 1 
1 77 4 5 89 4 0 4 0 2 3 7 2 0 1 2 2 0 1 
0 77 4 5 89 4 0 4 0 2 3 7 2 0 1 2 2 0 1 
0 27 4 4 98 3 1 2 0 3 3 1 0 0 2 2 2 1 0 
0 66 0 4 69 1 3 1 2 1 2 2 1 1 1 2 2 1 1 
3 64 3 2 67 4 3 4 2 3 1 6 1 2 3 0 1 0 1 
1 63 4 7 88 3 0 1 1 1 2 3 2 2 2 1 1 0 0 
0 63 4 7 88 3 0 1 1 1 2 3 2 2 2 1 1 0 0 
2 63 4 7 88 3 0 1 1 1 2 3 2 2 2 1 1 0 0 
3 63 4 7 88 3 0 1 1 1 2 3 2 2 2 1 1 0 0 
1 40 4 7 189 2 2 1 1 1 1 5 2 0 1 3 1 0 0 
3 79 3 5 69 4 3 2 0 2 0 6 1 2 1 3 2 0 1 
2 79 3 5 69 4 3 2 0 2 0 6 1 2 1 3 2 0 1 
1 79 3 5 69 4 3 2 0 2 0 6 1 2 1 3 2 0 1 
0 79 3 5 69 4 3 2 0 2 0 6 1 2 1 3 2 0 1 
2 60 3 6 79 2 0 3 2 1 1 1 1 2 1 2 2 1 0 
1 60 3 6 79 2 0 3 2 1 1 1 1 2 1 2 2 1 0 
0 60 3 6 79 2 0 3 2 1 1 1 1 2 1 2 2 1 0 
0 22 0 2 148 0 0 3 0 3 1 5 2 0 3 2 1 0 1 
0 54 3 3 96 4 2 4 0 1 3 7 0 0 4 0 2 0 0 
0 39 4 3 84 4 0 1 1 2 3 4 1 1 4 3 1 0 0 
2 19 0 3 86 3 1 1 0 1 0 5 0 2 3 2 1 0 0 
1 19 0 3 86 3 1 1 0 1 0 5 0 2 3 2 1 0 0 
1 52 0 0 56 1 4 2 1 4 2 1 1 1 2 1 2 0 1 
0 52 0 0 56 1 4 2 1 4 2 1 1 1 2 1 2 0 1 
2 70 3 5 68 0 2 3 2 3 0 4 1 0 2 2 1 0 1 
1 70 3 5 68 0 2 3 2 3 0 4 1 0 2 2 1 0 1 
0 70 3 5 68 0 2 3 2 3 0 4 1 0 2 2 1 0 1 
3 48 3 8 25 3 3 1 2 2 2 8 2 0 4 3 2 1 0 
2 48 3 8 25 3 3 1 2 2 2 8 2 0 4 3 2 1 0 
1 48 3 8 25 3 3 1 2 2 2 8 2 0 4 3 2 1 0 
0 48 3 8 25 3 3 1 2 2 2 8 2 0 4 3 2 1 0 
3 9 3 8 14 0 0 2 0 4 3 5 2 2 1 0 1 0 1 
3 65 1 2 97 2 3 4 0 1 0 4 1 2 1 3 1 1 1 
2 65 1 2 97 2 3 4 0 1 0 4 1 2 1 3 1 1 1 
1 65 1 2 97 2 3 4 0 1 0 4 1 2 1 3 1 1 1 
1 60 1 3 54 3 3 4 1 2 1 1 1 1 1 3 1 0 1 
0 60 1 3 54 3 3 4 1 2 1 1 1 1 1 3 1 0 1 
2 60 1 3 54 3 3 4 1 2 1 1 1 1 1 3 1 0 1 
3 60 1 3 54 3 3 4 1 2 1 1 1 1 1 3 1 0 1 
3 51 4 5 24 0 4 2 2 4 1 5 2 0 2 0 1 1 1 
0 42 0 3 55 4 2 2 1 3 3 8 2 0 3 2 1 0 1 
1 42 0 3 55 4 2 2 1 3 3 8 2 0 3 2 1 0 1 
2 42 0 3 55 4 2 2 1 3 3 8 2 0 3 2 1 0 1 
2 74 0 0 153 1 2 4 0 1 2 3 1 2 1 1 1 0 1 
1 74 0 0 153 1 2 4 0 1 2 3 1 2 1 1 1 0 1 
0 74 0 0 153 1 2 4 0 1 2 3 1 2 1 1 1 0 1 
0 46 4 5 147 4 3 3 0 2 2 3 1 2 1 2 1 1 1 
0 65 0 7 179 4 3 4 1 1 2 3 0 2 2 2 2 1 1 
2 51 4 1 63 1 4 1 1 1 1 7 1 0 4 3 2 0 1 
1 51 4 1 63 1 4 1 1 1 1 7 1 0 4 3 2 0 1 
3 51 4 1 63 1 4 1 1 1 1 7 1 0 4 3 2 0 1 
1 36 3 4 61 4 1 1 0 4 1 6 1 2 3 2 2 1 1 
0 36 3 4 61 4 1 1 0 4 1 6 1 2 3 2 2 1 1 
0 40 4 7 198 4 0 4 2 1 3 1 1 0 3 0 2 0 1 
0 23 4 9 178 4 0 1 1 4 0 8 0 1 4 0 1 1 0 
3 73 2 0 69 4 3 3 1 2 0 4 1 0 2 3 1 0 1 
2 73 2 0 69 4 3 3 1 2 0 4 1 0 2 3 1 0 1 
1 10 0 5 69 3 3 1 1 1 0 5 0 0 2 1 2 0 1 
0 26 4 2 67 3 1 2 1 3 0 3 0 0 4 2 1 0 1 
1 26 4 2 67 3 1 2 1 3 0 3 0 0 4 2 1 0 1 
1 32 2 3 81 2 4 1 2 1 2 8 0 2 1 1 2 0 1 
0 32 2 3 81 2 4 1 2 1 2 8 0 2 1 1 2 0 1 
0 25 0 7 43 2 0 1 1 1 1 6 1 1 1 1 1 0 1 
1 11 2 4 85 1 0 3 1 3 3 4 0 1 2 3 2 0 1 
2 52 1 5 102 2 0 4 0 2 1 4 2 1 2 0 1 1 1 
2 20 0 6 9 3 1 2 1 1 2 6 0 1 3 1 1 0 0 
3 20 0 6 9 3 1 2 1 1 2 6 0 1 3 1 1 0 0 
0 27 2 9 108 1 4 3 0 4 0 2 2 2 1 1 1 1 1 
1 27 2 9 108 1 4 3 0 4 0 2 2 2 1 1 1 1 1 
0 33 0 6 113 4 0 4 2 3 2 1 1 0 3 3 2 0 1 
1 21 4 4 55 1 3 3 2 1 1 7 0 2 4 3 2 0 0 
1 28 2 10 179 0 1 4 1 4 1 8 1 1 3 0 2 0 0 
1 62 2 2 200 4 1 4 1 3 0 3 0 2 1 0 1 0 1 
3 13 4 0 76 2 4 1 2 4 3 4 1 2 4 2 2 1 0 
2 13 4 0 76 2 4 1 2 4 3 4 1 2 4 2 2 1 0 
1 13 4 0 76 2 4 1 2 4 3 4 1 2 4 2 2 1 0 
0 13 4 0 76 2 4 1 2 4 3 4 1 2 4 2 2 1 0 
3 60 1 5 99 3 1 3 1 1 0 1 0 1 4 1 1 0 0 
2 60 1 5 99 3 1 3 1 1 0 1 0 1 4 1 1 0 0 
1 36 1 9 67 4 4 4 1 1 2 3 1 2 4 2 2 1 0 
2 36 1 9 67 4 4 4 1 1 2 3 1 2 4 2 2 1 0 
1 62 2 0 67 2 2 2 0 3 2 7 1 2 1 3 1 1 0 
0 62 2 0 67 2 2 2 0 3 2 7 1 2 1 3 1 1 0 
2 62 2 0 67 2 2 2 0 3 2 7 1 2 1 3 1 1 0 
3 62 2 0 67 2 2 2 0 3 2 7 1 2 1 3 1 1 0 
0 71 2 6 129 1 3 4 0 2 2 4 0 2 3 3 2 0 1 
2 61 1 7 76 4 0 4 2 3 3 6 0 0 1 2 1 1 1 
0 22 2 5 135 0 3 1 0 3 0 7 0 2 2 0 2 0 1 
2 3 4 1 6 0 2 2 0 1 1 1 2 0 4 2 2 0 0 
1 54 1 7 52 3 2 4 0 4 0 2 1 1 2 2 2 1 1 
0 54 1 7 52 3 2 4 0 4 0 2 1 1 2 2 2 1 1 
1 25 4 5 96 4 2 2 2 1 1 1 2 1 2 3 1 0 0 
0 25 4 5 96 4 2 2 2 1 1 1 2 1 2 3 1 0 0 
2 25 4 5 96 4 2 2 2 1 1 1 2 1 2 3 1 0 0 
0 38 4 8 89 1 3 4 2 1 1 2 1 2 2 1 1 0 0 
0 58 1 2 54 2 0 3 2 2 1 4 1 1 3 1 1 1 1 
0 46 1 8 65 2 2 3 0 2 2 5 0 2 4 1 1 1 0 
2 17 0 0 5 2 3 4 1 1 0 4 1 2 3 3 1 0 1 
1 54 4 3 104 4 1 3 0 2 1 5 0 0 1 3 1 0 1 
1 10 3 1 148 3 1 3 1 4 0 8 0 2 1 2 2 0 0 
3 33 0 2 48 1 2 1 2 1 0 1 2 2 3 1 2 0 0 
2 33 0 2 48 1 2 1 2 1 0 1 2 2 3 1 2 0 0 
1 33 0 2 48 1 2 1 2 1 0 1 2 2 3 1 2 0 0 
0 33 0 2 48 1 2 1 2 1 0 1 2 2 3 1 2 0 0 
2 32 1 1 51 0 2 4 0 3 2 4 1 2 1 2 2 1 1 
1 74 4 7 138 3 1 3 2 1 0 5 0 2 2 3 1 1 1 
0 78 3 10 65 2 2 4 1 2 2 7 2 0 1 1 1 0 1 
1 78 3 10 65 2 2 4 1 2 2 7 2 0 1 1 1 0 1 
3 30 1 0 77 1 0 2 0 1 0 3 2 2 1 2 2 0 1 
0 46 2 5 37 2 2 1 0 4 3 2 2 1 2 1 1 1 1 
1 46 2 5 37 2 2 1 0 4 3 2 2 1 2 1 1 1 1 
3 53 2 9 159 3 0 2 0 4 0 2 1 2 3 3 1 0 0 
2 31 0 2 44 3 3 1 1 3 2 4 0 2 2 0 1 0 1 
3 31 0 2 44 3 3 1 1 3 2 4 0 2 2 0 1 0 1 
1 56 3 0 58 2 2 4 1 3 2 3 2 0 1 2 1 0 1 
3 48 3 1 94 4 4 4 1 4 0 4 2 1 1 3 2 0 1 
1 80 1 9 104 2 0 3 1 4 0 7 0 0 2 0 1 0 0 
0 80 1 9 104 2 0 3 1 4 0 7 0 0 2 0 1 0 0 
2 80 1 9 104 2 0 3 1 4 0 7 0 0 2 0 1 0 0 
3 80 1 9 104 2 0 3 1 4 0 7 0 0 2 0 1 0 0 
1 79 2 9 169 0 4 2 0 3 0 7 2 2 1 0 2 1 0 
1 45 4 10 3 3 3 1 2 3 3 6 0 1 3 2 1 1 0 
2 45 4 10 3 3 3 1 2 3 3 6 0 1 3 2 1 1 0 
2 54 0 10 130 4 1 4 2 1 1 5 2 0 4 2 1 0 1 
3 54 0 10 130 4 1 4 2 1 1 5 2 0 4 2 1 0 1 
2 75 2 3 88 4 4 4 1 2 3 7 2 2 4 1 1 0 1 
3 75 2 3 88 4 4 4 1 2 3 7 2 2 4 1 1 0 1 
1 75 2 3 88 4 4 4 1 2 3 7 2 2 4 1 1 0 1 
0 75 2 3 88 4 4 4 1 2 3 7 2 2 4 1 1 0 1 
1 64 0 8 88 2 4 4 1 3 0 3 2 2 3 3 2 0 0 
2 64 0 8 88 2 4 4 1 3 0 3 2 2 3 3 2 0 0 
1 73 1 6 78 0 2 2 2 2 2 7 1 0 4 3 2 1 1 
0 73 1 6 78 0 2 2 2 2 2 7 1 0 4 3 2 1 1 
0 62 0 0 60 2 4 4 2 3 0 3 2 2 4 1 2 1 1 
1 62 0 0 60 2 4 4 2 3 0 3 2 2 4 1 2 1 1 
0 26 2 6 18 3 0 2 2 3 1 8 0 0 2 2 2 1 0 
1 26 2 6 18 3 0 2 2 3 1 8 0 0 2 2 2 1 0 
2 26 2 6 18 3 0 2 2 3 1 8 0 0 2 2 2 1 0 
3 26 2 6 18 3 0 2 2 3 1 8 0 0 2 2 2 1 0 
3 29 4 4 99 2 0 2 0 2 1 4 1 0 2 2 2 1 1 
3 28 0 8 26 0 3 3 2 1 3 7 1 0 3 0 2 0 1 
2 28 0 8 26 0 3 3 2 1 3 7 1 0 3 0 2 0 1 
2 65 3 8 104 4 1 3 0 4 0 1 1 1 1 1 1 0 1 
3 65 3 8 104 4 1 3 0 4 0 1 1 1 1 1 1 0 1 
3 54 2 4 55 1 4 3 0 2 1 8 2 0 2 1 1 1 0 
1 70 0 9 74 0 4 2 0 4 0 5 1 0 2 3 2 1 1 
2 70 0 9 74 0 4 2 0 4 0 5 1 0 2 3 2 1 1 
3 70 0 9 74 0 4 2 0 4 0 5 1 0 2 3 2 1 1 
1 29 3 6 55 1 1 3 0 3 3 5 0 0 2 3 2 0 0 
2 29 3 6 55 1 1 3 0 3 3 5 0 0 2 3 2 0 0 
3 29 3 6 55 1 1 3 0 3 3 5 0 0 2 3 2 0 0 
0 6 0 3 33 0 0 1 1 1 1 7 0 0 4 0 1 1 0 
1 53 2 2 73 0 2 2 2 3 3 4 2 0 4 2 2 0 1 
2 53 2 2 73 0 2 2 2 3 3 4 2 0 4 2 2 0 1 
0 53 2 2 73 0 2 2 2 3 3 4 2 0 4 2 2 0 1 
3 59 0 7 146 2 0 1 0 2 0 4 1 0 2 0 1 0 0 
1 12 2 3 82 4 4 4 0 4 1 5 2 0 3 1 1 1 1 
2 32 2 0 7 1 2 1 0 2 0 8 0 0 1 1 2 1 1 
1 32 2 0 7 1 2 1 0 2 0 8 0 0 1 1 2 1 1 
0 32 2 0 7 1 2 1 0 2 0 8 0 0 1 1 2 1 1 
0 75 4 2 83 0 3 3 2 2 3 7 2 2 2 2 1 0 1 
1 75 4 2 83 0 3 3 2 2 3 7 2 2 2 2 1 0 1 
3 56 1 0 58 0 2 4 2 1 2 8 2 1 1 3 2 0 0 
2 56 1 0 58 0 2 4 2 1 2 8 2 1 1 3 2 0 0 
1 56 1 0 58 0 2 4 2 1 2 8 2 1 1 3 2 0 0 
0 56 1 0 58 0 2 4 2 1 2 8 2 1 1 3 2 0 0 
3 33 4 1 138 0 3 3 1 3 3 1 2 1 2 1 2 0 1 
2 33 4 1 138 0 3 3 1 3 3 1 2 1 2 1 2 0 1 
1 33 4 1 138 0 3 3 1 3 3 1 2 1 2 1 2 0 1 
0 33 4 1 138 0 3 3 1 3 3 1 2 1 2 1 2 0 1 
0 38 4 0 74 3 4 2 2 4 3 4 0 2 1 3 2 1 0 
1 38 4 0 74 3 4 2 2 4 3 4 0 2 1 3 2 1 0 
0 70 4 8 142 3 0 1 0 2 3 1 1 0 3 0 2 0 0 
3 10 3 0 9 3 1 2 0 4 0 6 0 0 3 0 2 1 0 
3 32 4 10 18 3 4 4 0 3 1 7 1 1 3 3 2 1 1 
2 32 4 10 18 3 4 4 0 3 1 7 1 1 3 3 2 1 1 
0 34 4 1 71 4 3 4 0 2 0 5 0 0 1 3 1 0 0 
2 25 1 8 42 2 2 3 1 4 1 2 2 1 3 3 2 0 0 
3 25 1 8 42 2 2 3 1 4 1 2 2 1 3 3 2 0 0 
3 70 3 5 74 0 3 4 1 1 1 4 1 2 3 3 2 1 1 
2 70 3 5 74 0 3 4 1 1 1 4 1 2 3 3 2 1 1 
1 70 3 5 74 0 3 4 1 1 1 4 1 2 3 3 2 1 1 
0 70 3 5 74 0 3 4 1 1 1 4 1 2 3 3 2 1 1 
2 7 2 10 47 3 4 3 1 1 2 6 0 1 3 2 2 1 0 
3 55 4 3 55 4 3 1 1 4 3 8 2 2 4 1 1 0 1 
2 55 4 3 55 4 3 1 1 4 3 8 2 2 4 1 1 0 1 
1 55 4 3 55 4 3 1 1 4 3 8 2 2 4 1 1 0 1 
0 55 4 3 55 4 3 1 1 4 3 8 2 2 4 1 1 0 1 
1 52 1 5 27 1 3 3 2 2 0 7 2 0 1 1 1 0 1 
2 52 1 5 27 1 3 3 2 2 0 7 2 0 1 1 1 0 1 
3 52 1 5 27 1 3 3 2 2 0 7 2 0 1 1 1 0 1 
0 52 1 5 27 1 3 3 2 2 0 7 2 0 1 1 1 0 1 
2 34 4 9 181 4 1 2 0 3 1 1 2 2 3 0 2 1 1 
3 34 4 9 181 4 1 2 0 3 1 1 2 2 3 0 2 1 1 
1 26 1 7 55 2 3 1 2 2 1 4 0 2 3 2 2 1 0 
0 26 1 7 55 2 3 1 2 2 1 4 0 2 3 2 2 1 0 
0 58 2 9 76 3 1 2 2 2 2 1 2 2 1 3 2 1 1 
1 58 2 9 76 3 1 2 2 2 2 1 2 2 1 3 2 1 1 
2 58 2 9 76 3 1 2 2 2 2 1 2 2 1 3 2 1 1 
3 58 2 9 76 3 1 2 2 2 2 1 2 2 1 3 2 1 1 
0 58 3 2 67 2 1 3 1 2 2 4 2 0 3 2 1 1 1 
1 58 3 2 67 2 1 3 1 2 2 4 2 0 3 2 1 1 1 
0 22 3 1 76 3 4 4 0 4 0 8 2 0 4 3 1 0 1 
2 4 0 9 31 0 3 3 1 2 2 2 2 1 1 2 1 0 1 
1 21 4 0 12 2 1 3 2 1 2 3 2 0 2 3 1 0 1 
2 21 4 0 12 2 1 3 2 1 2 3 2 0 2 3 1 0 1 
3 21 4 0 12 2 1 3 2 1 2 3 2 0 2 3 1 0 1 
1 21 2 0 1 0 1 4 2 1 1 6 2 1 2 0 1 1 0 
2 21 2 0 1 0 1 4 2 1 1 6 2 1 2 0 1 1 0 
3 29 4 4 11 0 3 4 0 4 2 7 0 0 4 3 1 0 0 
2 29 4 4 11 0 3 4 0 4 2 7 0 0 4 3 1 0 0 
1 29 4 4 11 0 3 4 0 4 2 7 0 0 4 3 1 0 0 
0 29 4 4 11 0 3 4 0 4 2 7 0 0 4 3 1 0 0 
0 76 3 4 81 3 4 2 1 2 3 2 1 2 2 3 2 0 1 
1 76 3 4 81 3 4 2 1 2 3 2 1 2 2 3 2 0 1 
2 76 3 4 81 3 4 2 1 2 3 2 1 2 2 3 2 0 1 
2 24 4 7 84 1 3 1 2 2 2 2 2 0 1 2 2 1 0 
1 24 4 7 84 1 3 1 2 2 2 2 2 0 1 2 2 1 0 
3 24 4 7 84 1 3 1 2 2 2 2 2 0 1 2 2 1 0 
3 67 4 6 64 2 4 3 1 1 3 3 1 2 1 2 2 1 1 
2 67 4 6 64 2 4 3 1 1 3 3 1 2 1 2 2 1 1 
1 67 4 6 64 2 4 3 1 1 3 3 1 2 1 2 2 1 1 
0 67 4 6 64 2 4 3 1 1 3 3 1 2 1 2 2 1 1 
3 67 1 3 110 4 0 3 0 3 1 2 2 2 2 2 1 0 0 
2 67 1 3 110 4 0 3 0 3 1 2 2 2 2 2 1 0 0 
1 73 2 6 67 3 0 1 0 3 0 7 0 0 3 2 2 1 1 
2 73 2 6 67 3 0 1 0 3 0 7 0 0 3 2 2 1 1 
3 73 2 6 67 3 0 1 0 3 0 7 0 0 3 2 2 1 1 
0 73 2 6 67 3 0 1 0 3 0 7 0 0 3 2 2 1 1 
1 4 3 9 9 0 1 1 0 2 1 1 1 0 2 2 1 0 1 
2 41 2 5 149 3 0 3 1 2 0 4 1 2 2 1 1 0 0 
3 38 1 6 110 3 0 4 0 2 3 6 1 2 2 3 1 0 0 
2 38 1 6 110 3 0 4 0 2 3 6 1 2 2 3 1 0 0 
0 34 3 1 44 0 2 4 2 1 3 7 0 1 1 2 2 0 0 
1 34 3 1 44 0 2 4 2 1 3 7 0 1 1 2 2 0 0 
2 34 3 1 44 0 2 4 2 1 3 7 0 1 1 2 2 0 0 
3 77 4 7 125 4 0 3 0 3 1 8 0 2 1 2 1 1 1 
0 49 2 8 138 4 4 4 0 1 1 2 1 0 4 0 2 0 0 
2 61 2 10 99 3 1 4 0 3 1 6 2 1 2 2 1 1 0 
0 30 3 1 38 3 0 3 1 4 1 7 2 2 1 2 1 1 0 
0 44 3 1 64 0 0 3 1 3 3 3 0 2 3 2 2 0 1 
1 36 4 7 67 4 2 3 2 2 2 1 0 1 2 2 2 1 0 
2 36 4 7 67 4 2 3 2 2 2 1 0 1 2 2 2 1 0 
1 77 4 0 89 3 3 1 1 3 1 6 2 0 2 2 1 0 1 
0 77 4 0 89 3 3 1 1 3 1 6 2 0 2 2 1 0 1 
2 77 4 0 89 3 3 1 1 3 1 6 2 0 2 2 1 0 1 
3 77 4 0 89 3 3 1 1 3 1 6 2 0 2 2 1 0 1 
1 65 1 5 80 2 1 2 2 1 3 6 0 0 1 0 2 0 1 
3 45 0 5 40 2 4 2 1 3 1 7 1 1 2 2 2 0 1 
2 45 0 5 40 2 4 2 1 3 1 7 1 1 2 2 2 0 1 
1 30 4 8 108 1 1 2 0 4 3 3 0 1 1 3 2 1 0 
0 30 4 8 108 1 1 2 0 4 3 3 0 1 1 3 2 1 0 
1 44 0 9 82 4 0 4 1 2 0 6 1 1 3 2 1 1 1 
2 33 4 3 45 3 4 1 0 2 3 1 0 2 1 1 1 1 0 
1 33 4 3 45 3 4 1 0 2 3 1 0 2 1 1 1 1 0 
0 33 4 3 45 3 4 1 0 2 3 1 0 2 1 1 1 1 0 
1 31 1 3 133 1 2 4 1 2 2 7 2 2 1 1 1 0 1 
0 52 0 6 57 3 1 3 0 2 0 6 0 1 2 2 1 1 0 
1 52 0 6 57 3 1 3 0 2 0 6 0 1 2 2 1 1 0 
2 52 0 6 57 3 1 3 0 2 0 6 0 1 2 2 1 1 0 
3 52 0 6 57 3 1 3 0 2 0 6 0 1 2 2 1 1 0 
2 10 3 4 39 1 3 3 2 2 0 2 1 0 1 2 2 0 0 
1 10 3 4 39 1 3 3 2 2 0 2 1 0 1 2 2 0 0 
2 51 0 4 56 2 4 4 1 1 3 5 2 2 1 3 1 0 0 
3 51 0 4 56 2 4 4 1 1 3 5 2 2 1 3 1 0 0 
1 51 0 4 56 2 4 4 1 1 3 5 2 2 1 3 1 0 0 
0 51 0 4 56 2 4 4 1 1 3 5 2 2 1 3 1 0 0 
3 33 4 0 112 4 3 2 1 2 3 4 1 2 2 3 2 0 0 
2 33 4 0 112 4 3 2 1 2 3 4 1 2 2 3 2 0 0 
1 33 4 0 112 4 3 2 1 2 3 4 1 2 2 3 2 0 0 
3 38 1 8 90 4 2 4 1 2 1 4 2 0 2 3 2 0 1 
2 38 1 8 90 4 2 4 1 2 1 4 2 0 2 3 2 0 1 
1 38 1 8 90 4 2 4 1 2 1 4 2 0 2 3 2 0 1 
1 70 2 3 105 4 3 3 2 1 1 8 2 1 3 2 1 1 0 
2 48 1 8 78 1 0 2 2 4 0 1 0 2 2 2 2 0 1 
1 48 1 8 78 1 0 2 2 4 0 1 0 2 2 2 2 0 1 
0 48 1 8 78 1 0 2 2 4 0 1 0 2 2 2 2 0 1 
1 37 1 9 171 2 2 4 0 3 0 1 0 0 3 3 2 0 0 
2 12 1 7 77 1 0 1 1 1 2 6 2 1 3 0 2 1 1 
3 12 1 7 77 1 0 1 1 1 2 6 2 1 3 0 2 1 1 
2 10 1 9 28 2 3 4 0 2 3 2 1 2 2 3 1 1 1 
3 10 1 9 28 2 3 4 0 2 3 2 1 2 2 3 1 1 1 
2 7 0 2 7 1 2 2 2 2 0 5 0 1 3 3 1 0 0 
1 7 0 2 7 1 2 2 2 2 0 5 0 1 3 3 1 0 0 
1 58 1 4 54 2 3 3 2 3 2 8 0 0 2 2 2 0 0 
0 58 1 4 54 2 3 3 2 3 2 8 0 0 2 2 2 0 0 
2 44 2 4 190 0 1 3 0 2 3 7 2 1 1 3 2 0 0 
3 17 2 5 20 4 3 4 0 1 1 2 2 0 2 3 1 0 0 
2 17 2 5 20 4 3 4 0 1 1 2 2 0 2 3 1 0 0 
1 59 0 8 104 3 1 3 1 1 3 1 2 0 1 0 1 1 1 
3 20 2 10 25 4 0 2 2 1 3 7 2 0 3 3 2 1 0 
2 20 2 10 25 4 0 2 2 1 3 7 2 0 3 3 2 1 0 
0 32 4 0 94 4 1 2 1 2 3 6 1 0 4 3 2 1 1 
0 50 0 9 107 4 1 3 2 1 0 6 1 1 4 1 1 1 1 
2 29 3 3 127 1 1 3 0 1 0 7 1 2 1 0 1 1 1 
0 64 2 5 108 3 1 4 2 4 2 5 2 2 4 3 1 0 1 
3 74 3 4 79 4 3 4 1 1 3 6 2 0 1 1 2 1 0 
2 74 3 4 79 4 3 4 1 1 3 6 2 0 1 1 2 1 0 
1 74 3 4 79 4 3 4 1 1 3 6 2 0 1 1 2 1 0 
0 74 3 4 79 4 3 4 1 1 3 6 2 0 1 1 2 1 0 
1 50 2 4 51 4 3 3 2 4 0 3 0 1 4 3 1 0 1 
0 50 2 4 51 4 3 3 2 4 0 3 0 1 4 3 1 0 1 
1 28 4 4 44 4 0 2 0 4 0 7 0 1 3 0 2 1 1 
2 28 4 4 44 4 0 2 0 4 0 7 0 1 3 0 2 1 1 
3 28 4 4 44 4 0 2 0 4 0 7 0 1 3 0 2 1 1 
0 9 2 0 7 1 0 4 0 3 0 1 1 1 2 3 1 1 0 
1 9 2 0 7 1 0 4 0 3 0 1 1 1 2 3 1 1 0 
1 74 3 1 49 1 4 1 0 2 3 8 1 2 1 1 1 1 0 
0 74 3 1 49 1 4 1 0 2 3 8 1 2 1 1 1 1 0 
0 50 2 0 188 3 3 1 0 2 0 6 2 2 3 1 1 0 1 
1 19 2 4 33 0 1 4 0 1 0 5 0 0 1 1 2 1 1 
2 19 2 4 33 0 1 4 0 1 0 5 0 0 1 1 2 1 1 
0 18 1 10 77 3 1 2 0 3 2 3 2 0 1 0 2 1 0 
3 74 0 6 70 4 0 4 2 4 1 4 0 2 3 2 1 1 1 
2 74 0 6 70 4 0 4 2 4 1 4 0 2 3 2 1 1 1 
1 74 0 6 70 4 0 4 2 4 1 4 0 2 3 2 1 1 1 
0 74 0 6 70 4 0 4 2 4 1 4 0 2 3 2 1 1 1 
2 20 3 1 131 2 1 3 1 1 3 4 1 0 1 2 2 1 1 
1 20 3 1 131 2 1 3 1 1 3 4 1 0 1 2 2 1 1 
2 41 2 4 69 4 3 4 2 3 3 2 1 1 1 2 1 1 1 
3 41 2 4 69 4 3 4 2 3 3 2 1 1 1 2 1 1 1 
3 14 4 4 52 1 4 1 2 4 0 6 2 1 4 1 1 0 0 
0 10 2 1 9 0 1 4 0 3 1 4 2 1 1 0 1 0 1 
0 63 2 2 64 2 1 1 0 3 2 5 2 1 4 3 1 1 1 
1 63 2 2 64 2 1 1 0 3 2 5 2 1 4 3 1 1 1 
2 63 2 2 64 2 1 1 0 3 2 5 2 1 4 3 1 1 1 
3 63 2 2 64 2 1 1 0 3 2 5 2 1 4 3 1 1 1 
0 48 1 7 196 1 1 2 0 3 0 2 0 1 3 1 2 0 0 
0 51 2 2 189 2 0 3 1 1 2 1 1 1 3 1 1 0 1 
2 63 2 5 75 3 3 4 1 1 0 8 1 2 3 0 1 1 1 
1 63 2 5 75 3 3 4 1 1 0 8 1 2 3 0 1 1 1 
3 63 2 5 75 3 3 4 1 1 0 8 1 2 3 0 1 1 1 
0 14 2 7 85 3 2 1 2 3 1 8 0 2 2 0 1 1 0 
3 47 2 5 48 4 3 3 2 1 1 8 1 2 3 3 1 0 1 
0 65 0 3 71 3 1 2 0 2 1 2 2 2 1 3 2 0 1 
1 65 0 3 71 3 1 2 0 2 1 2 2 2 1 3 2 0 1 
2 65 0 3 71 3 1 2 0 2 1 2 2 2 1 3 2 0 1 
3 65 0 3 71 3 1 2 0 2 1 2 2 2 1 3 2 0 1 
2 57 2 2 117 2 0 2 1 3 1 8 2 2 1 3 2 0 0 
0 28 4 6 6 1 1 3 1 3 3 8 1 2 1 3 1 0 0 
3 75 1 2 83 4 0 3 2 1 2 7 1 0 2 0 2 1 1 
2 75 1 2 83 4 0 3 2 1 2 7 1 0 2 0 2 1 1 
1 75 1 2 83 4 0 3 2 1 2 7 1 0 2 0 2 1 1 
0 75 1 2 83 4 0 3 2 1 2 7 1 0 2 0 2 1 1 
0 72 0 1 127 0 1 4 0 1 1 2 2 2 1 3 1 1 0 
1 59 3 4 82 2 0 4 0 1 1 2 2 1 3 0 1 1 1 
0 59 3 4 82 2 0 4 0 1 1 2 2 1 3 0 1 1 1 
1 37 1 5 51 1 1 4 2 3 0 5 1 0 2 0 2 1 1 
2 31 1 9 56 3 3 1 2 2 1 2 0 2 2 0 2 1 1 
3 31 1 9 56 3 3 1 2 2 1 2 0 2 2 0 2 1 1 
1 19 3 2 102 2 4 1 1 3 2 4 2 2 4 3 2 1 0 
0 19 3 2 102 2 4 1 1 3 2 4 2 2 4 3 2 1 0 
2 19 3 2 102 2 4 1 1 3 2 4 2 2 4 3 2 1 0 
3 19 3 2 102 2 4 1 1 3 2 4 2 2 4 3 2 1 0 
2 8 0 2 9 4 2 3 2 2 0 2 0 2 2 0 1 0 1 
3 8 0 2 9 4 2 3 2 2 0 2 0 2 2 0 1 0 1 
2 40 3 5 172 2 1 3 0 1 2 1 0 0 1 1 1 0 0 
1 11 3 1 7 0 4 2 0 2 1 5 2 1 4 1 2 0 0 
3 30 2 1 48 3 2 2 2 3 0 1 0 2 2 3 1 1 1 
1 29 2 1 5 3 1 2 2 4 3 7 0 1 1 1 1 1 1 
0 29 2 1 5 3 1 2 2 4 3 7 0 1 1 1 1 1 1 
0 61 0 6 72 1 2 4 1 4 0 2 2 1 3 2 2 1 1 
1 61 0 6 72 1 2 4 1 4 0 2 2 1 3 2 2 1 1 
2 61 0 6 72 1 2 4 1 4 0 2 2 1 3 2 2 1 1 
3 61 0 6 72 1 2 4 1 4 0 2 2 1 3 2 2 1 1 
2 35 3 0 22 0 4 2 2 3 3 4 2 0 4 3 1 1 1 
3 35 3 0 22 0 4 2 2 3 3 4 2 0 4 3 1 1 1 
1 35 3 0 22 0 4 2 2 3 3 4 2 0 4 3 1 1 1 
0 35 3 0 22 0 4 2 2 3 3 4 2 0 4 3 1 1 1 
3 30 0 4 76 2 3 1 2 4 3 5 1 2 2 3 2 0 1 
2 30 0 4 76 2 3 1 2 4 3 5 1 2 2 3 2 0 1 
1 30 0 4 76 2 3 1 2 4 3 5 1 2 2 3 2 0 1 
0 15 1 7 77 3 0 1 1 2 1 5 2 1 2 0 2 1 0 
2 59 1 2 54 2 1 2 1 1 2 6 2 0 2 3 2 1 0 
1 59 1 2 54 2 1 2 1 1 2 6 2 0 2 3 2 1 0 
0 59 1 2 54 2 1 2 1 1 2 6 2 0 2 3 2 1 0 
3 59 1 2 54 2 1 2 1 1 2 6 2 0 2 3 2 1 0 
1 32 0 2 26 3 0 3 1 2 2 8 1 0 3 2 1 1 1 
0 32 0 2 26 3 0 3 1 2 2 8 1 0 3 2 1 1 1 
2 32 0 2 26 3 0 3 1 2 2 8 1 0 3 2 1 1 1 
3 32 0 2 26 3 0 3 1 2 2 8 1 0 3 2 1 1 1 
3 67 0 2 124 3 1 1 0 2 0 7 1 1 3 0 1 0 0 
1 53 1 5 78 0 3 2 1 3 2 3 2 1 1 2 1 0 1 
0 53 1 5 78 0 3 2 1 3 2 3 2 1 1 2 1 0 1 
2 53 1 5 78 0 3 2 1 3 2 3 2 1 1 2 1 0 1 
3 53 1 5 78 0 3 2 1 3 2 3 2 1 1 2 1 0 1 
0 44 2 2 44 0 4 4 0 4 0 4 1 0 4 0 1 1 1 
3 14 0 10 51 2 1 2 0 4 0 6 2 1 3 1 2 1 0 
1 54 0 10 98 2 0 2 2 2 0 5 0 0 1 3 2 1 1 
1 40 3 2 29 2 1 4 2 1 1 8 0 1 1 0 2 0 0 
0 40 3 2 29 2 1 4 2 1 1 8 0 1 1 0 2 0 0 
1 46 4 1 175 4 4 4 1 1 0 3 2 2 3 2 2 0 1 
0 62 0 6 44 2 4 3 0 2 1 7 1 1 3 1 1 1 1 
1 62 0 6 44 2 4 3 0 2 1 7 1 1 3 1 1 1 1 
0 79 4 7 108 4 2 3 0 3 1 6 0 1 1 2 1 0 1 
1 79 4 7 108 4 2 3 0 3 1 6 0 1 1 2 1 0 1 
2 79 4 7 108 4 2 3 0 3 1 6 0 1 1 2 1 0 1 
0 38 4 5 171 4 4 3 0 4 1 4 2 1 3 0 1 0 1 
0 60 2 7 138 0 2 3 1 1 0 1 1 2 4 2 2 1 0 
1 63 0 1 67 4 3 1 2 3 3 3 0 0 2 1 1 1 1 
0 63 0 1 67 4 3 1 2 3 3 3 0 0 2 1 1 1 1 
0 29 2 9 46 1 3 4 2 1 0 1 1 2 4 2 2 1 0 
0 75 3 2 88 2 1 3 1 3 2 8 0 1 3 3 2 0 1 
1 64 4 7 52 4 4 2 2 2 2 5 0 0 3 2 2 0 1 
3 33 3 6 82 1 2 2 1 3 2 6 2 1 1 3 1 0 1 
0 69 1 6 121 4 4 1 0 1 3 1 0 2 1 0 2 1 0 
3 14 2 9 37 0 4 2 0 4 3 7 2 1 3 2 2 0 0 
2 14 2 9 37 0 4 2 0 4 3 7 2 1 3 2 2 0 0 
1 14 2 9 37 0 4 2 0 4 3 7 2 1 3 2 2 0 0 
1 19 3 8 97 3 0 3 1 4 0 3 1 1 2 2 1 0 0 
1 79 0 6 192 3 4 2 0 1 2 8 0 1 1 3 2 0 0 
1 79 3 8 114 2 0 3 2 2 1 3 1 1 2 2 2 0 1 
0 79 3 8 114 2 0 3 2 2 1 3 1 1 2 2 2 0 1 
1 15 3 6 147 4 1 1 0 4 0 3 1 2 1 0 1 0 0 
0 36 3 1 22 0 4 4 1 4 0 8 1 0 2 1 2 0 0 
3 65 0 4 66 0 3 3 2 3 3 8 2 0 4 1 2 0 1 
2 65 0 4 66 0 3 3 2 3 3 8 2 0 4 1 2 0 1 
1 65 0 4 66 0 3 3 2 3 3 8 2 0 4 1 2 0 1 
0 65 0 4 66 0 3 3 2 3 3 8 2 0 4 1 2 0 1 
3 57 4 7 103 3 0 3 1 1 1 7 0 2 1 0 2 1 1 
1 57 3 3 145 3 1 3 0 3 1 4 0 1 2 1 1 0 0 
3 4 4 8 7 3 3 3 1 3 0 7 2 1 3 3 1 1 0 
3 20 3 7 104 1 2 2 2 4 1 4 1 0 1 1 1 0 1 
2 20 3 7 104 1 2 2 2 4 1 4 1 0 1 1 1 0 1 
3 18 2 2 118 3 2 2 0 3 2 2 1 2 3 3 2 1 1 
2 18 2 2 118 3 2 2 0 3 2 2 1 2 3 3 2 1 1 
1 18 2 2 118 3 2 2 0 3 2 2 1 2 3 3 2 1 1 
0 18 2 2 118 3 2 2 0 3 2 2 1 2 3 3 2 1 1 
2 74 4 6 70 2 1 2 2 3 1 3 2 1 1 0 1 0 1 
1 74 4 6 70 2 1 2 2 3 1 3 2 1 1 0 1 0 1 
0 74 4 6 70 2 1 2 2 3 1 3 2 1 1 0 1 0 1 
1 25 4 9 7 2 4 1 0 4 2 1 0 1 4 3 2 0 0 
2 25 4 9 7 2 4 1 0 4 2 1 0 1 4 3 2 0 0 
3 25 4 9 7 2 4 1 0 4 2 1 0 1 4 3 2 0 0 
2 24 0 9 35 0 4 1 1 4 2 6 2 2 2 2 2 0 0 
3 24 0 9 35 0 4 1 1 4 2 6 2 2 2 2 2 0 0 
1 24 0 9 35 0 4 1 1 4 2 6 2 2 2 2 2 0 0 
3 5 4 8 13 1 3 1 2 2 0 4 2 1 4 2 2 0 1 
1 50 4 2 58 4 3 1 2 1 3 4 0 2 1 3 1 0 0 
2 50 4 2 58 4 3 1 2 1 3 4 0 2 1 3 1 0 0 
0 50 4 2 58 4 3 1 2 1 3 4 0 2 1 3 1 0 0 
0 27 3 9 71 2 0 2 1 1 1 6 2 2 1 1 1 1 0 
1 27 3 9 71 2 0 2 1 1 1 6 2 2 1 1 1 1 0 
3 29 0 3 27 4 2 2 1 4 0 4 2 0 4 0 1 0 1 
2 29 0 3 27 4 2 2 1 4 0 4 2 0 4 0 1 0 1 
1 29 0 3 27 4 2 2 1 4 0 4 2 0 4 0 1 0 1 
0 29 0 3 27 4 2 2 1 4 0 4 2 0 4 0 1 0 1 
0 65 3 10 190 2 3 2 0 1 3 1 1 1 1 0 2 0 0 
2 8 0 3 53 3 0 3 2 4 0 7 1 1 4 1 2 0 1 
1 8 0 3 53 3 0 3 2 4 0 7 1 1 4 1 2 0 1 
2 18 0 2 34 2 0 4 0 3 2 7 2 1 3 0 2 1 1 
3 68 1 9 131 1 0 3 0 4 2 5 0 2 2 2 1 1 0 
3 29 2 8 5 1 4 4 1 3 1 8 2 0 1 0 1 0 0 
2 29 2 8 5 1 4 4 1 3 1 8 2 0 1 0 1 0 0 
1 29 2 8 5 1 4 4 1 3 1 8 2 0 1 0 1 0 0 
2 8 2 6 36 2 4 2 1 2 0 4 0 0 3 2 2 0 0 
0 32 1 4 37 0 2 2 0 4 0 4 1 1 4 1 1 0 1 
1 32 1 4 37 0 2 2 0 4 0 4 1 1 4 1 1 0 1 
2 32 1 4 37 0 2 2 0 4 0 4 1 1 4 1 1 0 1 
0 75 1 8 133 3 4 4 0 1 3 2 0 0 1 3 2 0 0 
1 75 1 8 133 3 4 4 0 1 3 2 0 0 1 3 2 0 0 
2 75 1 8 133 3 4 4 0 1 3 2 0 0 1 3 2 0 0 
3 75 1 8 133 3 4 4 0 1 3 2 0 0 1 3 2 0 0 
0 58 3 3 52 1 3 4 0 3 0 6 1 2 4 2 1 1 1 
1 58 3 3 52 1 3 4 0 3 0 6 1 2 4 2 1 1 1 
2 58 3 3 52 1 3 4 0 3 0 6 1 2 4 2 1 1 1 
3 58 3 3 52 1 3 4 0 3 0 6 1 2 4 2 1 1 1 
0 58 4 4 84 4 1 3 1 2 3 8 1 2 2 1 1 1 0 
2 36 0 8 61 1 1 1 0 1 3 1 2 0 2 2 1 0 0 
0 53 2 4 71 1 2 4 0 3 0 4 2 2 1 0 1 0 1 
1 53 2 4 71 1 2 4 0 3 0 4 2 2 1 0 1 0 1 
2 53 2 4 71 1 2 4 0 3 0 4 2 2 1 0 1 0 1 
3 53 2 4 71 1 2 4 0 3 0 4 2 2 1 0 1 0 1 
3 13 4 1 94 2 2 4 2 1 0 6 0 2 3 0 2 1 1 
3 13 0 7 11 3 0 1 1 4 2 2 0 1 3 3 2 0 0 
0 77 4 6 79 4 4 3 1 3 2 2 0 1 1 1 2 1 1 
1 77 4 6 79 4 4 3 1 3 2 2 0 1 1 1 2 1 1 
2 77 4 6 79 4 4 3 1 3 2 2 0 1 1 1 2 1 1 
3 77 4 6 79 4 4 3 1 3 2 2 0 1 1 1 2 1 1 
3 34 3 8 28 0 4 4 0 3 3 6 1 2 4 3 1 1 1 
1 36 2 7 83 3 1 4 0 2 3 5 0 1 1 0 2 0 0 
2 36 2 7 83 3 1 4 0 2 3 5 0 1 1 0 2 0 0 
3 12 3 1 80 2 1 4 1 4 0 4 0 2 4 1 2 1 0 
1 34 3 7 177 4 1 2 1 2 2 3 1 0 3 3 1 0 0 
3 26 3 4 161 3 0 4 2 2 2 3 1 2 3 3 2 0 1 
2 26 3 4 161 3 0 4 2 2 2 3 1 2 3 3 2 0 1 
0 21 2 4 92 2 0 1 1 2 1 3 0 1 3 1 2 0 0 
1 31 3 7 45 3 2 4 2 1 0 7 1 2 4 2 2 0 1 
0 31 3 7 45 3 2 4 2 1 0 7 1 2 4 2 2 0 1 
3 24 1 7 10 1 4 2 0 1 0 8 1 0 4 3 1 0 0 
2 24 1 7 10 1 4 2 0 1 0 8 1 0 4 3 1 0 0 
1 24 1 7 10 1 4 2 0 1 0 8 1 0 4 3 1 0 0 
2 69 1 9 80 2 4 4 2 4 3 8 2 2 1 0 1 0 1 
1 69 1 9 80 2 4 4 2 4 3 8 2 2 1 0 1 0 1 
0 69 1 9 80 2 4 4 2 4 3 8 2 2 1 0 1 0 1 
2 53 4 5 51 1 3 4 0 2 3 6 2 1 2 2 2 1 0 
1 53 4 5 51 1 3 4 0 2 3 6 2 1 2 2 2 1 0 
0 53 4 5 51 1 3 4 0 2 3 6 2 1 2 2 2 1 0 
3 5 3 5 53 0 4 3 0 3 3 7 1 0 2 0 1 1 1 
0 45 3 10 89 4 4 4 0 4 1 5 2 1 1 1 1 0 1 
0 42 1 9 152 4 0 4 0 1 2 7 0 1 1 2 1 1 1 
0 80 0 6 120 0 4 1 1 1 2 8 1 1 1 1 1 0 0 
0 68 4 1 78 4 2 4 0 2 0 8 1 0 2 3 1 1 0 
2 23 3 6 37 2 1 2 1 2 2 2 2 1 2 3 2 1 0 
3 23 3 6 37 2 1 2 1 2 2 2 2 1 2 3 2 1 0 
0 66 0 0 79 1 1 2 1 2 0 7 1 1 3 3 2 0 1 
1 66 0 0 79 1 1 2 1 2 0 7 1 1 3 3 2 0 1 
2 66 0 0 79 1 1 2 1 2 0 7 1 1 3 3 2 0 1 
1 10 2 2 57 2 1 4 1 1 3 8 0 2 4 3 2 1 0 
3 27 4 5 114 0 1 3 2 3 3 1 1 2 1 0 2 0 0 
2 27 4 5 114 0 1 3 2 3 3 1 1 2 1 0 2 0 0 
1 27 1 10 56 1 2 4 0 3 1 7 1 1 4 3 1 0 1 
2 27 1 10 56 1 2 4 0 3 1 7 1 1 4 3 1 0 1 
1 66 0 5 98 1 3 4 2 1 0 6 0 0 4 3 1 0 0 
0 66 0 5 98 1 3 4 2 1 0 6 0 0 4 3 1 0 0 
2 66 0 5 98 1 3 4 2 1 0 6 0 0 4 3 1 0 0 
2 75 0 4 174 4 0 2 2 2 1 5 1 2 4 2 2 1 0 
1 34 2 5 41 3 3 2 2 3 0 2 1 2 3 1 2 0 1 
0 34 2 5 41 3 3 2 2 3 0 2 1 2 3 1 2 0 1 
2 34 2 5 41 3 3 2 2 3 0 2 1 2 3 1 2 0 1 
3 34 2 5 41 3 3 2 2 3 0 2 1 2 3 1 2 0 1 
