1 1 0 1 107 1 1 0 10 4 80 1 2 0 3 
1 1 2 1 107 1 1 0 10 4 80 1 2 0 3 
1 1 0 1 107 1 1 0 10 4 78 1 2 0 3 
1 1 0 1 107 1 1 0 10 4 66 1 2 0 3 
1 1 0 1 107 0 1 0 10 4 66 1 2 0 3 
1 1 0 1 107 0 1 2 10 4 66 1 2 0 3 
1 1 0 1 107 0 1 2 10 4 49 1 2 0 3 
1 1 0 1 107 0 1 2 10 4 66 32 2 0 3 
2 0 2 0 15 1 0 0 27 8 88 27 7 0 1 
2 0 2 0 15 1 0 0 27 8 88 27 15 0 1 
2 0 2 0 15 1 0 0 27 0 88 27 15 0 1 
2 0 2 0 15 0 0 0 27 0 88 27 15 0 1 
2 0 2 0 15 0 0 0 29 0 88 27 15 0 1 
2 1 2 0 15 0 0 0 29 0 88 27 15 0 1 
2 1 2 0 15 0 0 0 29 0 91 27 15 0 1 
2 1 2 0 15 0 0 0 21 0 91 27 15 0 1 
2 1 2 0 15 0 0 0 29 0 68 27 15 0 1 
2 0 2 0 15 0 0 0 27 0 66 27 15 0 1 
3 1 0 1 176 0 1 1 13 2 91 1 1 0 1 
4 0 3 0 178 0 1 2 30 6 72 28 2 1 3 
4 0 0 0 178 0 1 2 30 6 72 28 2 1 3 
4 0 0 0 12 0 1 2 30 6 72 28 2 1 3 
4 0 0 0 12 0 1 2 30 7 72 28 2 1 3 
4 0 0 0 12 1 1 2 30 7 72 28 2 1 3 
4 0 0 0 179 1 1 2 30 7 72 28 2 1 3 
4 0 0 0 12 1 1 2 30 7 92 28 2 1 3 
4 0 0 0 12 0 1 2 30 7 92 28 2 1 3 
4 0 0 0 12 1 1 2 30 7 92 28 -1 1 3 
4 0 0 0 12 1 1 2 30 11 92 28 -1 1 3 
4 0 0 0 12 1 1 2 30 0 92 28 -1 1 3 
4 0 0 0 12 1 1 2 30 7 92 31 2 1 3 
4 0 0 0 12 1 1 2 23 7 92 28 2 1 3 
4 0 0 0 12 1 1 2 23 7 95 28 2 1 3 
4 1 0 0 12 1 1 2 23 7 92 28 2 1 3 
4 1 0 0 12 1 1 2 30 7 92 28 2 1 3 
4 1 0 0 12 0 1 2 30 7 92 28 2 1 3 
9 1 0 0 12 0 1 2 30 7 92 28 2 1 3 
9 1 1 0 12 0 1 2 30 7 92 28 2 1 3 
4 1 0 0 12 1 1 2 23 7 92 28 6 1 3 
4 1 0 0 12 1 1 2 23 7 58 28 6 1 3 
4 1 2 0 12 1 1 2 23 7 58 28 6 1 3 
4 1 2 1 12 1 1 2 23 7 58 28 6 1 3 
4 1 2 0 12 1 1 2 23 7 58 28 16 1 3 
4 1 0 0 12 1 1 2 23 7 92 28 9 1 3 
4 1 0 0 80 1 1 2 23 7 92 28 9 1 3 
4 0 0 0 12 0 1 2 30 7 88 28 2 1 3 
4 0 0 0 12 0 1 2 30 7 99 28 2 1 3 
4 1 0 0 12 0 1 2 30 7 99 28 2 1 3 
4 0 0 0 12 0 1 2 30 7 92 15 2 1 3 
4 0 0 0 12 0 1 2 30 7 99 28 7 1 3 
4 0 0 0 12 0 1 2 30 6 99 28 7 1 3 
4 2 0 0 12 0 1 2 30 7 99 28 7 1 3 
4 0 0 0 179 0 1 2 30 6 99 28 7 1 3 
4 2 0 0 12 0 1 2 30 7 99 28 -1 1 3 
9 1 0 0 12 0 1 2 30 7 80 28 2 1 3 
9 1 0 0 12 0 1 2 30 7 80 28 -1 1 3 
9 1 0 0 12 0 1 2 30 7 80 54 -1 1 3 
9 1 0 0 12 0 1 2 30 7 80 17 -1 1 3 
9 1 0 0 12 1 1 2 30 7 80 28 2 1 3 
9 1 0 0 12 1 1 2 31 7 80 28 2 1 3 
9 1 0 0 12 1 1 2 31 0 80 28 2 1 3 
9 1 0 0 172 1 1 2 30 7 80 28 2 1 3 
4 1 0 0 80 1 1 2 23 7 82 28 9 1 3 
4 1 0 0 80 1 1 2 23 7 82 28 -1 1 3 
0 1 0 0 80 1 1 2 23 7 82 28 9 1 3 
6 1 0 0 80 1 1 2 23 7 82 28 9 1 3 
6 1 0 0 80 1 1 2 23 7 82 7 9 1 3 
6 1 0 0 80 1 1 2 23 7 82 7 9 1 0 
6 1 0 1 80 1 1 2 23 7 82 7 9 1 0 
6 1 0 0 80 1 1 2 23 7 82 28 -1 1 3 
4 0 0 0 12 1 1 2 23 7 85 28 2 1 3 
10 0 0 0 12 1 1 2 23 7 85 28 2 1 3 
4 0 0 0 12 0 1 2 23 7 85 28 2 1 3 
4 0 0 0 12 0 1 2 23 1 85 28 2 1 3 
4 1 0 0 12 1 1 2 23 7 58 28 7 1 3 
4 1 0 0 12 1 1 2 1 7 58 28 7 1 3 
4 1 0 0 12 1 1 2 23 7 58 28 16 1 3 
4 1 0 0 12 1 1 2 23 7 58 30 16 1 3 
4 1 0 0 12 1 1 2 23 7 58 30 -1 1 3 
4 1 0 0 12 1 1 2 21 7 58 28 16 1 3 
4 1 2 0 12 1 1 2 21 7 58 28 16 1 3 
4 1 2 0 12 1 1 2 21 7 58 28 5 1 3 
4 1 2 0 12 1 1 2 1 7 58 28 5 1 3 
4 1 2 0 12 1 1 2 1 7 58 28 -1 1 3 
4 1 0 1 12 1 1 2 23 7 58 30 -1 1 3 
4 1 0 1 12 1 1 2 23 7 58 30 -1 1 0 
4 1 2 0 12 1 1 2 21 7 58 28 7 1 3 
4 1 2 0 12 0 1 2 21 7 58 28 7 1 3 
4 1 0 0 12 1 1 2 1 7 63 28 7 1 3 
4 0 0 0 12 1 1 2 21 7 92 28 2 1 3 
4 1 0 0 12 1 1 2 21 7 58 30 16 1 3 
9 1 0 0 12 0 1 2 30 7 80 28 8 1 3 
9 1 0 0 12 0 1 2 30 7 83 28 8 1 3 
9 1 0 0 12 0 1 2 30 7 83 28 -1 1 3 
9 1 0 0 12 0 1 2 30 7 48 28 8 1 3 
9 1 0 0 12 1 1 2 30 7 48 28 8 1 3 
4 1 0 0 12 1 1 2 23 7 86 28 2 1 3 
4 1 0 0 12 1 1 2 23 7 97 28 2 1 3 
4 1 3 0 12 1 1 2 23 7 86 28 2 1 3 
4 0 3 0 12 1 1 2 23 7 86 28 2 1 3 
4 1 0 0 12 1 1 2 23 7 84 28 2 1 3 
4 1 0 0 12 1 1 2 23 7 84 31 2 1 3 
4 0 0 0 12 1 1 2 23 7 84 31 2 1 3 
7 0 0 0 12 1 1 2 23 7 84 31 2 1 3 
4 1 0 0 12 1 1 2 23 7 84 31 4 1 3 
4 1 0 0 12 1 1 0 23 7 84 31 4 1 3 
4 1 0 0 12 1 1 0 23 7 72 31 4 1 3 
4 1 0 0 12 0 1 0 23 7 72 31 4 1 3 
4 1 0 0 12 1 1 2 23 7 66 31 4 1 3 
4 1 0 0 12 1 1 2 23 7 66 31 7 1 3 
4 1 0 0 12 1 1 2 23 7 48 31 7 1 3 
4 1 0 0 12 1 1 2 27 7 48 31 7 1 3 
4 1 1 0 12 1 1 2 27 7 48 31 7 1 3 
4 1 0 0 12 1 1 2 27 7 96 31 7 1 3 
4 1 1 0 12 1 1 2 25 7 48 31 7 1 3 
4 1 1 0 12 1 1 2 25 7 48 31 -1 1 3 
4 1 1 0 12 1 1 2 25 7 46 31 -1 1 3 
4 1 1 0 12 1 1 2 25 7 99 31 -1 1 3 
4 1 1 0 12 1 1 2 25 7 72 31 -1 1 3 
4 1 0 1 12 1 1 2 23 7 66 31 7 1 3 
4 1 0 1 12 0 1 2 23 7 66 31 7 1 3 
4 1 0 1 12 0 1 2 23 7 66 31 8 1 3 
4 1 0 1 12 0 1 2 23 7 84 31 8 1 3 
11 1 0 1 12 0 1 2 23 7 84 31 8 1 3 
4 1 0 1 12 0 1 2 23 8 84 31 8 1 3 
4 1 0 1 12 0 1 2 29 8 84 31 8 1 3 
4 1 0 1 12 0 1 2 29 8 84 31 -1 1 3 
4 1 0 0 12 1 1 2 23 1 66 31 7 1 3 
4 1 1 0 12 1 1 2 27 7 46 31 7 1 3 
4 1 1 0 12 1 1 2 27 7 67 31 7 1 3 
4 1 1 0 12 1 1 2 27 7 67 31 -1 1 3 
4 1 1 0 12 0 1 2 27 7 67 31 7 1 3 
4 1 1 0 12 1 1 2 27 7 67 31 7 1 0 
4 1 1 0 12 0 1 2 27 7 67 31 7 1 0 
4 1 1 0 12 0 1 2 27 7 67 1 7 1 0 
4 1 1 0 12 0 1 2 1 7 67 1 7 1 0 
4 1 0 1 12 0 1 2 29 8 84 3 8 1 3 
4 1 0 1 12 0 1 0 29 8 84 3 8 1 3 
4 1 0 1 12 0 1 0 29 8 52 3 8 1 3 
4 1 0 1 12 0 1 0 30 8 52 3 8 1 3 
4 1 0 1 12 0 1 0 29 8 84 31 8 1 3 
4 1 0 1 12 0 1 0 29 8 84 1 8 1 3 
4 1 0 1 12 0 1 0 29 0 84 31 8 1 3 
4 1 0 1 12 0 1 0 29 0 40 31 8 1 3 
4 1 0 1 12 0 1 0 29 8 84 31 8 1 0 
4 1 0 1 12 0 1 2 29 8 82 3 8 1 3 
4 1 0 1 12 0 1 0 21 8 84 31 8 1 3 
4 1 0 1 12 0 1 0 21 8 84 24 8 1 3 
4 1 0 1 45 0 1 0 21 8 84 24 8 1 3 
4 1 0 1 12 0 1 0 21 8 78 24 8 1 3 
4 1 0 1 171 0 1 0 21 8 78 24 8 1 3 
4 1 0 1 12 0 1 0 21 8 78 31 8 1 3 
4 1 0 1 12 0 1 0 1 8 78 31 8 1 3 
4 1 0 1 12 0 1 0 13 8 78 31 8 1 3 
4 1 0 1 12 0 1 0 13 6 78 31 8 1 3 
4 1 0 1 12 0 1 0 11 6 78 31 8 1 3 
4 1 0 1 12 1 1 2 23 7 58 30 7 1 0 
4 1 0 1 12 1 1 2 23 7 99 30 7 1 0 
4 1 0 1 12 1 1 2 23 8 99 30 7 1 0 
9 1 0 0 12 0 1 2 21 7 80 28 2 1 3 
9 1 0 0 174 0 1 2 21 7 80 28 2 1 3 
9 1 0 0 174 0 1 0 21 7 80 28 2 1 3 
9 1 0 0 174 0 1 0 29 7 80 28 2 1 3 
9 1 0 0 174 0 1 0 29 7 80 28 1 1 3 
6 1 0 0 174 0 1 0 29 7 80 28 1 1 3 
6 1 0 0 174 0 1 0 29 7 94 28 1 1 3 
4 1 0 1 12 0 1 2 29 8 84 31 1 1 3 
4 1 0 1 12 0 1 2 29 0 84 31 1 1 3 
4 2 0 0 12 0 1 2 30 7 88 28 -1 1 3 
4 2 0 0 12 0 1 2 30 7 86 28 -1 1 3 
4 2 0 0 12 0 1 2 30 7 86 32 -1 1 3 
4 2 0 0 12 1 1 2 30 7 86 32 -1 1 3 
4 2 0 0 64 1 1 2 30 7 86 32 -1 1 3 
4 2 0 0 64 0 1 2 30 7 86 32 -1 1 3 
4 2 0 0 12 0 1 2 30 7 72 32 -1 1 3 
4 2 0 0 12 0 1 2 30 7 94 32 -1 1 3 
4 2 0 0 64 1 1 2 30 7 86 32 8 1 3 
4 2 0 0 64 1 1 2 30 7 94 32 -1 1 3 
4 2 0 0 24 1 1 2 30 7 86 32 8 1 3 
4 2 0 0 12 0 1 2 30 7 86 28 8 1 3 
4 2 0 0 12 0 1 2 30 7 97 28 8 1 3 
4 2 0 0 12 0 1 2 1 7 86 28 8 1 3 
4 2 0 0 12 0 1 2 1 7 72 28 8 1 3 
4 0 0 0 12 0 1 2 1 7 86 28 8 1 3 
4 0 0 0 64 0 1 2 1 7 86 28 8 1 3 
4 0 0 0 64 0 1 2 1 7 84 28 8 1 3 
4 0 0 0 64 0 1 2 1 8 84 28 8 1 3 
4 0 0 0 12 1 1 2 30 11 92 28 1 1 3 
4 0 0 0 12 1 1 2 30 11 92 28 2 1 3 
4 0 0 0 12 0 1 2 30 11 92 28 2 1 3 
4 0 0 0 12 0 1 2 30 11 95 28 2 1 3 
0 0 0 0 12 0 1 2 30 11 92 28 2 1 3 
4 0 0 0 12 0 1 2 30 11 81 28 2 1 3 
4 0 0 0 12 0 1 2 30 11 99 28 2 1 3 
4 2 0 0 12 0 1 2 30 11 99 28 2 1 3 
4 0 0 0 12 0 1 2 30 11 81 28 24 1 3 
4 0 0 0 12 0 1 2 30 11 81 28 -1 1 3 
11 0 0 0 12 0 1 2 30 11 81 28 -1 1 3 
11 0 0 0 12 0 1 2 30 11 81 39 -1 1 3 
11 0 0 0 12 0 1 2 15 11 81 39 -1 1 3 
4 0 0 0 12 0 1 2 30 11 81 25 -1 1 3 
4 1 0 0 12 0 1 2 30 11 81 25 -1 1 3 
0 0 0 0 12 0 1 2 30 11 92 28 8 1 3 
4 0 0 0 12 0 1 2 30 11 70 28 2 1 3 
4 0 0 0 12 0 1 2 30 11 99 28 8 1 3 
4 0 0 0 12 0 1 2 30 11 99 28 -1 1 3 
4 0 3 0 12 0 1 2 30 11 99 28 8 1 3 
6 0 2 1 147 0 1 0 23 8 88 44 8 1 1 
6 0 3 1 147 0 1 0 23 8 88 44 8 1 1 
6 0 3 1 147 0 1 0 23 8 86 44 8 1 1 
7 1 2 0 121 1 0 2 25 10 79 11 21 1 3 
7 1 2 0 60 1 0 2 25 10 79 11 21 1 3 
7 1 2 0 60 1 0 2 25 10 79 11 -1 1 3 
7 1 2 0 60 1 0 2 25 10 84 11 -1 1 3 
7 2 0 0 68 0 1 1 26 3 79 41 3 1 0 
7 2 0 0 68 0 0 1 26 3 79 41 3 1 0 
7 2 0 0 68 0 1 1 26 3 72 41 3 1 0 
7 2 0 0 68 0 1 1 26 3 72 1 3 1 0 
7 2 0 0 68 0 1 1 31 3 72 41 3 1 0 
7 2 0 0 68 0 1 1 31 3 82 41 3 1 0 
7 2 0 0 68 0 1 1 31 3 48 41 3 1 0 
7 2 0 0 68 0 1 1 21 3 72 41 3 1 0 
7 2 0 0 68 0 1 2 21 3 72 41 3 1 0 
7 2 0 0 68 0 1 2 21 3 68 41 3 1 0 
7 2 0 0 68 0 1 2 30 3 68 41 3 1 0 
7 2 0 0 68 0 1 2 30 4 68 41 3 1 0 
7 2 0 0 68 0 1 2 30 4 58 41 3 1 0 
7 2 0 0 20 0 1 2 30 4 58 41 3 1 0 
7 2 0 0 20 0 1 2 30 4 58 41 4 1 0 
7 2 0 0 29 0 1 2 30 4 58 41 4 1 0 
7 2 0 0 68 0 1 0 21 3 68 41 3 1 0 
7 2 0 0 68 0 1 0 21 3 92 41 3 1 0 
7 2 0 0 68 0 1 0 21 3 84 41 3 1 0 
7 2 0 0 68 0 1 0 21 4 68 41 3 1 0 
7 2 0 0 68 0 1 2 30 3 68 41 6 1 0 
7 2 0 0 68 0 1 1 29 3 82 41 3 1 0 
7 2 0 0 68 0 1 1 23 3 48 41 3 1 0 
7 2 2 0 152 0 1 1 4 11 47 28 1 0 3 
7 2 2 0 152 0 1 1 4 11 47 28 -1 0 3 
7 2 2 0 152 0 1 1 4 11 42 28 -1 0 3 
7 2 2 0 152 0 1 1 12 11 47 28 1 0 3 
7 2 2 0 152 0 1 1 7 11 47 28 1 0 3 
7 2 2 0 152 0 1 1 7 11 46 28 1 0 3 
8 2 2 0 152 0 1 1 12 11 47 28 1 0 3 
8 2 0 0 152 0 1 1 12 11 47 28 1 0 3 
8 2 0 0 152 0 1 1 12 11 44 28 1 0 3 
8 2 0 0 152 0 1 1 12 0 44 28 1 0 3 
7 2 2 0 152 0 1 1 7 11 46 28 4 0 3 
7 2 2 0 152 0 1 1 4 10 42 28 -1 0 3 
7 2 2 0 152 0 1 1 4 10 42 28 1 0 3 
7 2 2 0 148 0 1 1 4 10 42 28 1 0 3 
8 0 2 1 14 1 1 2 19 10 83 41 11 1 0 
9 2 0 1 25 1 0 1 6 4 94 11 10 0 0 
9 2 0 1 25 1 0 1 6 4 85 11 10 0 0 
9 2 2 0 152 0 0 0 19 10 44 18 0 0 2 
11 1 0 1 2 1 0 2 25 2 95 12 10 0 2 
11 1 0 1 2 1 0 2 25 2 98 12 10 0 2 
11 1 0 1 179 1 0 2 25 2 98 12 10 0 2 
11 1 0 1 179 1 0 2 25 4 98 12 10 0 2 
11 1 0 1 179 1 0 2 28 4 98 12 10 0 2 
11 1 0 1 154 1 0 2 28 4 98 12 10 0 2 
11 1 0 1 154 1 0 2 28 9 98 12 10 0 2 
11 1 0 1 2 1 0 2 25 2 95 12 14 0 2 
11 1 0 1 2 1 0 2 25 4 95 12 14 0 2 
11 1 0 1 2 1 0 2 25 4 95 12 14 0 3 
11 1 0 1 2 1 0 2 25 2 72 12 10 0 2 
11 1 0 1 2 1 0 2 25 2 97 12 10 0 2 
11 0 0 1 2 1 0 2 25 2 97 12 10 0 2 
11 1 0 1 179 1 0 2 25 0 98 12 10 0 2 
11 1 0 1 166 1 0 2 25 0 98 12 10 0 2 
11 1 0 1 2 1 0 2 25 2 66 12 10 0 2 
11 1 0 1 2 1 0 2 25 2 99 12 10 0 2 
11 0 0 1 2 1 0 2 25 2 84 12 10 0 2 
11 1 1 1 2 1 0 2 25 2 66 12 10 0 2 
11 1 1 1 2 1 0 2 25 2 66 12 -1 0 2 
11 1 1 1 2 1 0 2 25 2 99 12 -1 0 2 
0 1 1 1 2 1 0 2 25 2 66 12 10 0 2 
0 1 1 1 2 1 0 2 25 2 66 12 10 1 2 
0 1 1 1 2 1 0 2 25 2 91 12 10 1 2 
0 1 1 0 2 1 0 2 25 2 66 12 10 1 2 
0 1 1 0 -8 1 0 2 25 2 66 12 10 1 2 
0 1 1 0 -8 1 0 2 25 2 90 12 10 1 2 
0 2 1 0 -8 1 0 2 25 2 90 12 10 1 2 
0 2 1 0 -8 1 0 2 25 2 90 12 10 1 0 
0 2 1 0 -8 1 0 2 30 2 90 12 10 1 0 
0 2 1 0 -8 1 0 2 30 2 52 12 10 1 0 
0 2 1 0 -8 1 0 2 30 2 52 12 -1 1 0 
0 2 1 0 -8 1 0 2 30 2 88 12 -1 1 0 
0 2 1 0 -8 1 0 2 30 2 46 12 -1 1 0 
0 0 1 0 -8 1 0 2 30 2 46 12 -1 1 0 
0 2 1 0 -8 1 0 2 30 2 74 12 10 1 0 
0 2 1 0 -20 1 0 2 30 2 74 12 10 1 0 
0 2 1 0 2 1 0 2 25 2 66 12 10 1 2 
0 2 1 0 -8 1 0 2 30 2 90 12 15 1 0 
0 2 1 0 -8 1 0 2 30 2 90 12 -1 1 0 
0 2 1 0 -8 1 0 2 30 2 90 1 -1 1 0 
0 0 1 1 2 1 0 2 25 2 66 12 10 0 2 
0 2 1 0 -8 1 0 2 30 3 90 12 10 1 0 
0 2 1 0 -8 1 0 2 30 3 96 12 10 1 0 
0 2 1 0 -8 1 0 2 30 2 88 12 1 1 0 
0 2 1 0 -8 1 0 2 30 2 40 12 1 1 0 
0 2 1 0 -8 1 0 2 1 2 40 12 1 1 0 
0 2 1 0 -8 1 0 2 1 2 40 12 -1 1 0 
0 2 1 0 -8 1 0 0 1 2 40 12 -1 1 0 
11 1 0 1 179 1 0 2 25 2 96 12 10 0 2 
2 2 1 0 -8 1 0 2 30 2 90 1 -1 1 0 
2 2 1 0 -8 1 0 2 30 2 94 1 -1 1 0 
11 2 1 0 2 1 0 2 25 2 66 12 10 1 2 
11 2 1 0 2 1 0 2 25 2 52 12 10 1 2 
0 2 1 0 2 1 0 0 25 2 66 12 10 1 2 
0 2 1 0 2 1 0 0 25 2 46 12 10 1 2 
0 2 1 0 2 1 0 0 29 2 46 12 10 1 2 
0 2 1 0 2 1 0 2 25 2 40 12 10 1 2 
0 0 1 0 2 1 0 2 25 2 40 12 10 1 2 
0 0 1 0 2 1 0 2 25 2 40 15 10 1 2 
0 0 1 0 58 1 0 2 25 2 40 15 10 1 2 
11 2 1 0 2 1 0 0 25 2 66 12 10 1 2 
11 2 1 0 2 1 0 0 25 2 79 12 10 1 2 
11 2 1 0 2 1 0 0 25 2 99 12 10 1 2 
11 2 1 0 2 1 0 0 25 2 62 12 10 1 2 
11 2 1 0 2 1 0 2 25 2 40 12 10 1 2 
0 1 1 0 2 1 0 2 25 3 66 12 10 1 2 
2 2 1 0 -8 1 0 2 1 2 40 12 1 1 0 
2 2 1 0 178 1 0 2 1 2 40 12 1 1 0 
2 2 1 0 178 1 0 2 23 2 40 12 1 1 0 
11 2 1 0 178 1 0 2 23 2 40 12 1 1 0 
11 2 1 0 2 1 0 0 25 2 46 12 10 1 2 
2 2 1 0 -20 1 0 2 23 2 40 12 1 1 0 
11 1 0 1 2 1 0 2 25 2 64 12 10 0 2 
10 1 0 1 2 1 0 2 25 2 64 12 10 0 2 
10 1 0 1 2 1 0 2 25 2 91 12 10 0 2 
10 1 0 1 2 1 0 2 1 2 91 12 10 0 2 
10 1 0 1 2 1 0 2 23 2 91 12 10 0 2 
10 1 0 1 58 1 0 2 25 2 64 12 10 0 2 
10 1 0 1 58 1 0 2 25 2 62 12 10 0 2 
10 1 0 1 58 1 0 2 25 0 62 12 10 0 2 
10 1 0 1 58 1 0 2 25 2 62 30 10 0 2 
10 1 0 1 58 1 0 2 25 2 62 30 9 0 2 
11 2 2 0 70 0 0 2 22 7 70 38 16 1 0 
11 2 2 0 70 0 0 2 22 7 50 38 16 1 0 
11 2 2 0 70 0 0 2 15 7 50 38 16 1 0 
11 2 2 0 70 0 1 2 22 7 70 38 16 1 0 
11 2 2 0 70 0 1 2 22 7 82 38 16 1 0 
11 2 3 0 70 0 1 2 22 7 82 38 16 1 0 
11 2 3 0 70 0 1 2 22 7 82 13 16 1 0 
11 0 2 0 70 0 1 2 22 7 82 38 16 1 0 
11 0 0 0 70 0 1 2 22 7 82 38 16 1 0 
11 2 2 0 70 0 1 0 22 7 70 38 16 1 0 
11 2 2 0 70 0 1 0 22 7 83 38 16 1 0 
11 2 0 0 70 0 1 0 22 7 83 38 16 1 0 
11 2 0 0 70 0 1 0 22 7 72 38 16 1 0 
11 2 0 0 70 0 1 0 22 7 68 38 16 1 0 
11 2 0 0 70 0 1 0 22 7 56 38 16 1 0 
11 2 1 0 70 0 1 0 22 7 83 38 16 1 0 
11 0 2 0 70 0 0 2 15 7 50 38 16 1 0 
11 0 2 0 70 0 0 2 15 7 50 38 16 1 2 
11 0 2 0 70 0 0 0 15 7 50 38 16 1 2 
0 0 2 0 70 0 0 2 15 7 50 38 16 1 0 
0 0 2 0 70 0 0 2 15 7 50 38 -1 1 0 
0 0 2 1 70 0 0 2 15 7 50 38 16 1 0 
3 0 2 0 70 0 0 2 15 7 50 38 16 1 0 
0 0 2 0 70 0 0 2 15 7 50 38 16 1 2 
0 0 2 0 70 0 0 2 15 7 90 38 16 1 2 
0 0 2 0 70 0 0 2 15 7 90 38 5 1 2 
0 0 2 0 70 0 0 0 15 7 90 38 5 1 2 
0 0 2 1 70 0 0 2 15 7 50 38 16 1 2 
0 0 2 0 70 0 0 2 15 7 90 38 5 0 2 
0 0 2 0 70 0 0 2 15 7 55 38 5 0 2 
11 0 2 1 70 0 0 2 15 7 50 38 16 1 2 
11 0 2 1 70 0 1 2 15 7 50 38 16 1 2 
11 0 2 1 82 0 1 2 15 7 50 38 16 1 2 
11 0 2 1 70 0 0 2 15 7 60 38 16 1 2 
11 0 2 1 66 0 1 2 15 7 50 38 16 1 2 
11 0 2 1 70 0 0 2 15 7 56 38 16 1 2 
11 0 2 1 70 0 0 2 15 7 83 38 16 1 2 
11 0 2 1 70 0 0 2 31 7 83 38 16 1 2 
11 2 2 1 70 0 0 2 31 7 83 38 16 1 2 
11 2 2 1 70 0 0 2 31 7 83 38 -1 1 2 
11 2 0 1 70 0 0 2 31 7 83 38 16 1 2 
11 1 2 1 70 0 0 2 15 7 60 38 16 1 2 
11 2 2 1 70 0 0 2 31 7 83 38 7 1 2 
0 2 2 1 70 0 0 2 31 7 83 38 -1 1 2 
0 2 2 1 70 0 0 2 31 7 49 38 -1 1 2 
0 2 2 1 70 0 0 2 31 7 83 38 7 1 2 
0 2 0 1 70 0 0 2 31 7 83 38 7 1 2 
0 2 0 1 70 0 0 2 31 7 83 38 -1 1 2 
11 2 2 1 70 0 0 2 23 7 83 38 -1 1 2 
11 0 2 1 70 1 0 2 15 7 60 38 16 1 2 
11 0 2 1 70 1 0 2 15 7 60 38 -1 1 2 
11 0 2 1 70 1 0 2 1 7 60 38 -1 1 2 
11 0 2 1 70 1 0 2 1 7 60 58 -1 1 2 
11 0 2 1 64 1 0 2 1 7 60 58 -1 1 2 
11 0 2 1 116 1 0 2 1 7 60 38 -1 1 2 
11 0 2 1 116 1 0 2 1 7 56 38 -1 1 2 
0 2 2 1 70 0 0 2 31 7 49 38 -1 1 3 
0 2 2 1 179 0 0 2 31 7 49 38 -1 1 3 
0 2 2 1 179 0 0 2 31 7 49 38 -1 0 3 
11 0 2 1 70 0 1 2 15 7 83 38 16 1 2 
0 2 0 1 70 0 0 2 31 7 83 38 8 1 2 
11 0 2 1 70 1 0 2 1 7 60 38 7 1 2 
10 0 2 1 116 1 0 2 1 7 56 38 -1 1 2 
10 0 2 1 116 1 0 2 1 8 56 38 -1 1 2 
0 0 2 1 116 1 0 2 1 7 56 38 -1 1 2 
2 0 2 0 70 0 0 2 15 7 50 38 16 1 2 
2 0 2 0 70 0 0 2 15 7 50 38 16 1 3 
2 0 2 0 70 0 0 2 15 7 50 38 16 1 0 
2 0 2 0 70 0 0 2 15 7 48 38 16 1 2 
2 0 2 0 70 0 0 2 15 7 44 38 16 1 0 
2 0 2 0 70 0 0 2 15 7 44 38 -1 1 0 
3 0 2 0 70 0 0 2 15 7 50 38 16 1 3 
11 0 2 1 70 0 0 2 15 7 83 38 16 1 0 
11 2 2 0 70 0 1 1 22 7 70 38 16 1 0 
11 2 2 0 70 0 1 1 22 7 90 38 16 1 0 
11 2 2 0 70 0 1 1 22 9 90 38 16 1 0 
11 2 3 0 70 0 1 1 22 7 70 38 16 1 0 
11 2 3 0 70 0 1 2 22 7 70 38 16 1 0 
11 2 3 0 70 0 1 2 22 7 70 35 16 1 0 
3 0 2 0 70 1 0 2 15 7 50 38 16 1 3 
3 0 2 0 70 1 0 2 15 7 68 38 16 1 3 
3 0 2 0 70 1 1 2 15 7 50 38 16 1 3 
3 0 2 0 70 1 1 2 15 7 50 38 -1 1 3 
3 0 2 0 70 0 1 2 15 7 50 38 16 1 3 
3 0 2 0 70 0 1 2 15 7 50 38 20 1 3 
3 0 2 0 70 0 1 2 15 7 50 38 20 1 0 
3 1 2 0 70 0 1 2 15 7 50 38 20 1 0 
3 0 2 0 70 0 1 2 15 7 50 38 -1 1 3 
3 0 2 1 70 0 1 2 15 7 50 38 20 1 0 
3 0 2 1 70 0 1 2 15 7 50 38 -1 1 0 
6 0 2 0 70 1 1 2 15 7 50 38 16 1 3 
6 0 2 0 70 1 1 2 15 7 50 38 -1 1 3 
6 0 2 0 42 1 1 2 15 7 50 38 -1 1 3 
6 0 2 0 70 1 1 2 29 7 50 38 16 1 3 
0 2 2 0 70 0 1 0 22 7 83 38 16 1 0 
0 2 2 0 70 0 1 0 22 7 83 38 -1 1 0 
0 2 2 0 70 1 1 0 22 7 83 38 16 1 0 
0 2 2 0 70 1 1 0 22 7 83 38 24 1 0 
0 2 2 0 70 1 1 0 22 7 83 40 24 1 0 
0 2 2 0 70 1 1 0 22 7 92 40 24 1 0 
0 2 2 0 70 0 1 0 22 7 92 40 24 1 0 
0 2 2 0 70 0 1 0 26 7 92 40 24 1 0 
0 2 2 0 70 1 0 0 22 7 83 38 24 1 0 
0 2 2 0 70 0 1 2 22 7 83 38 16 1 0 
0 2 2 0 70 0 1 0 22 7 97 38 -1 1 0 
0 2 2 0 70 0 1 0 22 0 97 38 -1 1 0 
0 2 2 0 70 1 1 0 22 7 66 40 24 1 0 
10 2 2 0 70 0 1 0 22 7 83 38 -1 1 0 
10 0 2 1 70 1 0 2 1 7 60 38 7 1 2 
10 0 2 0 70 0 0 0 15 7 50 38 16 1 2 
10 0 2 0 70 0 0 0 15 7 50 38 -1 1 2 
10 0 2 0 70 0 0 0 15 7 50 1 -1 1 2 
0 0 2 0 70 0 0 0 15 7 50 38 16 1 2 
0 0 2 0 70 0 0 0 15 7 91 38 16 1 2 
2 0 2 0 70 0 0 0 15 7 91 38 16 1 2 
2 0 2 0 70 0 0 0 15 7 91 38 22 1 2 
10 1 2 0 70 0 0 0 15 7 50 38 -1 1 2 
10 1 2 0 70 0 0 0 15 7 50 38 4 1 2 
2 1 2 0 70 0 0 0 15 7 91 38 16 1 2 
0 2 2 0 70 1 1 0 22 7 82 38 16 1 0 
11 2 2 0 70 1 1 0 22 7 82 38 16 1 0 
10 0 2 1 70 0 0 2 15 7 56 38 16 1 2 
10 0 2 1 70 0 0 2 15 7 95 38 16 1 2 
10 1 2 1 70 0 0 2 15 7 56 38 16 1 2 
0 1 2 1 70 0 0 2 15 7 56 38 16 1 2 
1 2 2 0 70 1 0 0 22 7 83 38 24 1 0 
1 2 2 0 70 1 0 0 22 7 78 38 24 1 0 
1 2 2 0 70 1 0 0 22 7 78 38 24 1 1 
2 2 2 0 70 1 0 0 22 7 78 38 24 1 1 
2 2 2 0 70 1 0 0 24 7 78 38 24 1 1 
2 0 2 0 70 1 0 0 24 7 78 38 24 1 1 
2 0 2 0 70 1 0 0 24 7 82 38 24 1 1 
10 2 3 0 70 0 1 2 22 7 70 35 16 1 0 
10 2 3 0 70 0 1 2 22 7 70 35 -1 1 0 
10 2 3 0 70 0 1 2 22 7 99 35 -1 1 0 
10 2 3 0 68 0 1 2 22 7 99 35 -1 1 0 
10 0 2 1 70 0 0 2 15 7 83 38 16 1 2 
10 0 2 1 70 0 0 2 15 7 99 38 16 1 2 
10 0 2 1 70 0 0 2 15 7 82 38 16 1 2 
10 0 2 1 70 1 0 2 15 7 82 38 16 1 2 
10 0 2 1 70 1 0 2 15 7 82 38 -1 1 2 
10 0 2 1 70 1 0 2 15 7 82 38 -1 1 0 
10 0 2 1 70 1 0 0 15 7 82 38 16 1 2 
0 0 2 1 70 1 0 0 15 7 82 38 16 1 2 
10 0 2 1 70 0 0 2 15 7 83 38 16 1 0 
10 2 2 1 70 0 0 2 15 7 83 38 16 1 0 
0 2 2 1 70 0 0 2 15 7 83 38 16 1 0 
0 2 2 1 70 0 0 2 15 7 98 38 16 1 0 
10 2 2 1 70 0 0 2 15 7 99 38 16 1 0 
10 0 2 1 70 0 1 2 15 7 50 38 16 1 2 
0 2 2 1 70 0 0 2 15 7 88 38 16 1 0 
0 2 2 1 70 0 0 2 31 7 88 38 16 1 0 
0 2 2 1 70 0 0 2 15 7 88 38 16 1 1 
1 2 3 0 70 0 1 1 22 7 70 38 16 1 0 
1 2 3 0 70 0 1 1 27 7 70 38 16 1 0 
1 2 3 0 70 0 1 1 22 7 98 38 16 1 0 
1 2 3 0 70 0 1 1 25 7 70 38 16 1 0 
11 2 2 1 70 0 0 2 17 7 83 38 16 1 2 
11 2 2 1 70 0 0 2 17 7 95 38 16 1 2 
11 2 2 1 70 0 0 2 17 7 83 38 -1 1 2 
10 2 2 1 70 0 0 2 17 7 83 38 16 1 2 
10 2 2 1 70 0 0 0 17 7 83 38 16 1 2 
10 2 2 1 70 0 0 0 17 7 99 38 16 1 2 
0 2 2 1 70 0 0 0 17 7 99 38 16 1 2 
0 2 2 1 70 0 0 0 17 7 72 38 16 1 2 
10 2 2 1 70 0 0 2 17 7 82 38 16 1 2 
10 2 2 0 70 0 0 2 17 7 82 38 16 1 2 
10 2 2 0 70 0 0 2 17 7 82 38 -1 1 2 
10 2 2 1 70 0 0 0 17 7 99 38 16 0 2 
11 2 2 1 70 0 0 2 17 7 86 38 16 1 2 
11 2 2 1 70 0 0 2 17 7 82 38 16 1 2 
11 2 2 1 70 0 0 2 17 7 78 38 -1 1 2 
10 0 2 1 116 1 0 2 1 8 56 38 2 1 2 
10 0 2 1 116 1 0 0 1 8 56 38 2 1 2 
10 0 2 1 116 1 0 0 1 8 56 38 2 1 3 
10 0 2 1 116 0 0 2 1 8 56 38 2 1 2 
10 0 2 1 116 0 0 2 1 8 56 1 2 1 2 
10 0 2 1 116 1 0 2 1 8 56 1 2 1 2 
10 0 2 1 116 0 0 2 1 8 56 1 4 1 2 
10 0 2 1 116 0 0 2 1 8 56 41 4 1 2 
1 2 3 0 70 0 1 1 22 7 90 38 16 1 0 
1 2 3 0 70 0 1 1 22 7 94 38 16 1 0 
1 2 3 0 70 0 1 1 22 7 84 38 16 1 0 
1 2 3 0 81 0 1 1 22 7 94 38 16 1 0 
1 0 3 0 81 0 1 1 22 7 94 38 16 1 0 
1 0 3 0 81 0 1 1 22 7 94 38 -1 1 0 
1 0 3 0 81 1 1 1 22 7 94 38 -1 1 0 
1 0 3 0 81 0 1 1 22 7 78 38 16 1 0 
1 0 3 0 81 0 1 1 22 7 92 38 16 1 0 
2 2 3 0 70 0 1 1 22 7 90 38 16 1 0 
2 2 3 0 70 0 1 1 22 7 91 38 16 1 0 
2 2 3 0 70 0 0 1 22 7 91 38 16 1 0 
2 2 3 0 70 1 0 1 22 7 91 38 16 1 0 
2 0 3 0 70 1 0 1 22 7 91 38 16 1 0 
2 0 3 0 70 1 0 1 22 7 91 38 -1 1 0 
2 0 3 0 70 0 0 1 22 7 91 38 -1 1 0 
2 1 3 0 70 1 0 1 22 7 91 38 16 1 0 
2 2 0 0 70 0 1 1 22 7 91 38 16 1 0 
2 2 0 0 70 0 1 1 22 7 91 38 20 1 0 
2 2 0 0 70 0 1 1 22 7 91 38 -1 1 0 
2 0 3 0 70 1 0 1 22 7 90 38 16 1 0 
2 0 3 0 70 1 0 0 22 7 90 38 16 1 0 
2 0 3 0 70 1 0 0 22 7 98 38 16 1 0 
7 0 3 0 70 1 0 0 22 7 98 38 16 1 0 
7 0 0 0 70 1 0 0 22 7 98 38 16 1 0 
2 0 3 1 70 1 0 1 22 7 90 38 16 1 0 
2 0 3 1 70 1 0 1 23 7 90 38 16 1 0 
7 0 3 0 70 1 0 1 22 7 98 38 16 1 0 
2 0 3 0 70 0 0 1 22 7 91 38 11 1 0 
2 0 0 0 70 1 0 1 22 7 90 38 16 1 0 
2 2 3 0 70 0 1 1 22 7 88 38 16 1 0 
4 2 3 0 70 0 1 1 22 7 88 38 16 1 0 
1 0 3 0 81 0 1 1 22 7 90 38 -1 1 0 
1 0 3 0 81 0 1 1 22 7 90 38 23 1 0 
1 0 3 0 81 0 1 1 22 7 90 45 23 1 0 
1 0 3 0 81 0 1 1 22 7 84 38 -1 1 0 
1 2 3 0 70 0 1 1 22 7 85 38 16 1 0 
1 2 3 0 70 0 1 1 22 7 85 38 -1 1 0 
1 2 3 0 70 0 1 1 26 7 85 38 -1 1 0 
1 2 0 0 70 0 1 1 26 7 85 38 -1 1 0 
