0 0 2 1 19 1 1 1 3 8 91 23 6 0 2 
0 0 2 1 -4 1 1 1 3 8 91 23 6 0 2 
7 0 2 1 -4 1 1 1 3 8 91 23 6 0 2 
0 0 2 1 19 1 1 1 3 8 91 23 8 0 2 
0 0 2 1 19 1 1 1 3 8 92 23 8 0 2 
0 0 2 1 19 1 1 1 3 8 92 32 8 0 2 
0 0 2 1 19 1 1 1 31 8 92 32 8 0 2 
0 0 2 1 19 1 1 1 31 8 95 32 8 0 2 
0 0 2 1 19 1 1 1 31 8 95 7 8 0 2 
1 1 1 0 84 0 0 2 29 9 94 24 23 0 0 
2 0 1 1 109 1 0 1 8 6 71 46 7 1 0 
2 0 1 1 109 1 0 1 29 6 71 46 7 1 0 
2 2 0 0 111 0 1 2 22 2 49 20 1 1 1 
4 0 2 1 89 1 0 0 20 4 79 62 5 0 3 
4 2 0 0 52 0 1 1 6 1 91 56 10 1 3 
4 2 0 0 52 0 1 1 6 1 99 56 10 1 3 
0 2 0 0 52 0 1 1 6 1 99 56 10 1 3 
4 2 0 0 52 0 1 1 6 2 99 56 10 1 3 
4 2 0 0 52 0 1 1 8 1 91 56 10 1 3 
4 0 0 0 52 0 1 1 8 1 91 56 10 1 3 
0 2 0 0 52 0 1 1 6 1 72 56 10 1 3 
0 2 0 0 52 1 1 1 6 1 72 56 10 1 3 
4 2 0 0 52 0 1 1 6 1 84 56 10 1 3 
4 2 0 0 52 0 1 1 6 2 84 56 10 1 3 
4 2 0 0 52 0 1 2 6 2 84 56 10 1 3 
4 2 0 0 52 0 1 2 6 2 96 56 10 1 3 
4 2 0 0 52 0 1 1 6 2 84 56 10 1 0 
9 2 0 0 52 0 1 1 6 2 84 56 10 1 0 
0 2 0 0 52 0 1 1 6 2 84 56 10 1 0 
4 2 0 0 52 0 1 1 6 2 84 17 10 1 3 
4 2 0 0 52 0 1 1 6 6 84 56 10 1 3 
4 2 0 0 52 0 1 1 6 6 84 56 10 1 0 
4 2 0 0 52 0 1 1 6 6 78 56 10 1 0 
10 2 0 0 52 0 1 1 6 6 78 56 10 1 0 
4 2 0 0 52 0 1 1 6 6 98 56 10 1 0 
4 2 0 0 52 0 1 1 6 6 84 33 10 1 3 
4 2 0 0 52 0 1 2 6 2 85 56 10 1 3 
4 2 0 0 52 0 1 2 6 2 66 56 10 1 3 
5 2 3 0 50 0 0 2 18 8 48 3 11 0 1 
5 2 3 0 50 0 0 2 18 8 98 3 11 0 1 
5 2 3 0 50 1 0 2 18 8 98 3 11 0 1 
5 2 3 0 50 0 0 2 18 8 48 3 11 1 1 
5 2 3 0 50 0 0 2 18 8 84 3 11 1 1 
5 2 3 0 50 1 0 2 18 8 92 3 11 0 1 
5 2 3 0 50 1 0 2 18 8 92 7 11 0 1 
5 2 3 0 50 1 0 2 18 8 92 30 11 0 1 
5 2 0 0 50 1 0 2 18 8 92 30 11 0 1 
5 2 0 0 50 1 0 2 18 8 78 30 11 0 1 
5 2 0 0 48 1 0 2 18 8 78 30 11 0 1 
5 2 0 0 48 1 0 2 18 8 62 30 11 0 1 
5 2 0 0 48 1 0 2 18 0 62 30 11 0 1 
5 2 1 0 48 1 0 2 18 8 62 30 11 0 1 
5 2 3 0 50 0 0 2 18 8 48 7 11 1 1 
5 2 3 0 50 0 0 2 20 8 48 7 11 1 1 
5 2 3 0 50 1 0 2 20 8 48 7 11 1 1 
5 2 3 0 50 1 0 2 15 8 48 7 11 1 1 
5 2 3 0 50 1 0 2 30 8 48 7 11 1 1 
5 2 3 0 50 1 0 2 30 8 40 7 11 1 1 
5 2 3 0 50 1 0 2 20 8 46 7 11 1 1 
0 2 3 0 50 1 0 2 20 8 46 7 11 1 1 
0 2 3 0 50 1 0 2 20 8 42 7 11 1 1 
0 2 3 0 50 1 0 2 20 8 98 7 11 1 1 
0 2 3 0 50 1 0 2 29 8 98 7 11 1 1 
0 2 3 0 50 1 0 0 20 8 42 7 11 1 1 
0 2 3 0 38 1 0 0 20 8 42 7 11 1 1 
5 2 3 0 50 0 0 2 15 8 48 7 11 1 1 
5 2 3 0 50 0 0 2 20 8 46 7 11 1 1 
11 2 3 0 50 1 0 0 20 8 42 7 11 1 1 
5 2 3 0 50 0 0 2 20 8 46 15 11 1 1 
11 2 3 0 50 0 0 2 20 8 46 15 11 1 1 
11 2 3 0 50 0 0 2 20 8 60 15 11 1 1 
5 2 3 1 50 0 0 2 20 8 46 15 11 1 1 
5 2 3 1 50 0 0 2 20 8 46 15 -1 1 1 
5 2 3 1 50 0 0 2 20 0 46 15 -1 1 1 
5 2 3 1 50 0 1 2 20 8 46 15 11 1 1 
5 2 3 1 50 1 1 2 20 8 46 15 11 1 1 
5 2 3 1 104 1 1 2 20 8 46 15 11 1 1 
10 2 3 0 50 0 0 2 20 8 46 15 11 1 1 
10 2 3 0 50 0 0 2 20 8 46 7 11 1 1 
0 2 3 0 50 1 0 2 20 8 94 7 11 1 1 
0 2 3 0 112 1 0 2 20 8 94 7 11 1 1 
0 2 3 0 148 1 0 2 20 8 94 7 11 1 1 
0 2 3 0 148 1 0 2 20 8 94 7 -1 1 1 
0 2 3 0 -20 1 0 2 20 8 94 7 -1 1 1 
0 2 3 0 148 1 0 2 20 8 97 7 11 1 1 
0 2 3 0 112 1 0 2 9 8 94 7 11 1 1 
0 2 3 0 112 1 0 0 9 8 94 7 11 1 1 
0 2 3 0 112 1 0 2 9 8 71 7 11 1 1 
0 2 3 0 112 1 0 2 20 8 94 7 11 0 1 
0 2 3 0 112 0 0 2 20 8 94 7 11 0 1 
0 0 3 0 112 0 0 2 20 8 94 7 11 0 1 
0 2 3 0 112 1 0 2 9 8 66 7 11 1 1 
0 2 3 0 112 0 0 2 9 8 66 7 11 1 1 
0 2 3 0 112 0 0 2 9 8 66 7 -1 1 1 
0 2 3 0 -20 0 0 2 9 8 66 7 -1 1 1 
2 2 3 0 112 1 0 2 9 8 66 7 11 1 1 
11 2 3 0 112 1 0 2 9 8 66 7 11 1 1 
11 2 3 0 112 1 0 2 9 8 95 7 11 1 1 
11 2 3 0 112 1 0 2 9 8 66 7 -1 1 1 
11 2 3 0 163 1 0 2 9 8 66 7 -1 1 1 
11 0 3 0 112 1 0 2 9 8 66 7 11 1 1 
11 0 3 0 112 1 0 2 9 8 66 7 -1 1 1 
11 0 3 0 112 0 0 2 9 8 66 7 11 1 1 
2 2 3 0 112 1 0 2 20 8 94 7 11 0 1 
11 2 3 0 112 0 0 2 9 8 66 7 11 1 1 
11 2 0 0 112 0 0 2 9 8 66 7 11 1 1 
0 2 3 0 112 1 0 0 9 8 92 7 11 1 1 
11 2 3 0 50 1 0 2 20 8 94 7 11 1 1 
11 2 3 0 50 1 0 2 20 8 52 7 11 1 1 
11 2 3 0 50 0 0 2 20 8 52 7 11 1 1 
11 2 3 0 50 0 0 2 20 8 99 7 11 1 1 
11 2 3 0 50 0 0 2 20 8 99 7 11 1 0 
11 2 3 0 50 0 0 2 27 8 52 7 11 1 1 
11 2 3 0 50 1 0 2 22 8 94 7 11 1 1 
11 2 3 0 50 1 0 2 22 8 97 7 11 1 1 
6 2 3 0 50 1 0 2 22 8 97 7 11 1 1 
11 2 3 0 50 1 0 2 22 8 30 7 11 1 1 
11 2 3 0 50 1 0 2 22 8 30 7 5 1 1 
11 2 3 0 50 1 0 2 22 8 36 7 11 1 1 
11 2 3 0 50 1 0 2 22 8 35 7 5 1 1 
11 2 3 0 50 1 0 2 22 8 60 7 5 1 1 
11 2 0 0 50 1 0 2 22 8 60 7 5 1 1 
11 2 0 0 50 1 0 2 22 8 60 7 -1 1 1 
0 2 3 0 50 0 0 2 20 8 99 7 11 1 0 
0 2 3 0 50 0 0 2 20 8 86 7 11 1 0 
0 2 3 0 50 0 0 2 20 8 86 7 -1 1 0 
0 2 3 0 170 0 0 2 20 8 86 7 -1 1 0 
0 2 3 0 170 0 0 2 20 8 86 1 -1 1 0 
0 2 3 0 50 0 0 2 20 8 97 7 -1 1 0 
0 2 3 0 170 0 0 2 20 8 99 7 -1 1 0 
0 2 3 0 170 0 0 2 20 8 99 63 -1 1 0 
11 2 3 0 50 0 0 2 20 8 99 7 -1 1 0 
10 2 3 0 50 1 0 2 20 8 52 7 11 1 1 
10 2 3 0 50 1 0 2 20 8 52 7 -1 1 1 
0 2 3 0 50 1 0 2 20 8 52 7 11 1 1 
0 2 3 0 50 1 0 2 20 8 89 7 11 1 1 
0 2 3 0 50 0 0 2 20 11 97 7 -1 1 0 
0 2 3 0 50 0 0 2 24 11 97 7 -1 1 0 
11 2 3 1 50 0 0 2 20 8 52 7 11 1 1 
0 2 3 0 50 0 0 2 20 8 99 7 -1 1 0 
10 2 3 0 50 1 0 2 22 8 35 7 5 1 1 
11 2 3 0 50 1 0 2 20 8 94 7 15 1 1 
0 2 3 0 50 1 0 2 20 8 52 7 14 1 1 
11 2 3 0 50 1 0 2 20 8 52 7 14 1 1 
11 2 3 0 116 1 0 2 20 8 52 7 14 1 1 
11 2 3 0 116 1 0 2 20 8 75 7 14 1 1 
11 2 3 0 116 1 0 2 20 8 82 7 14 1 1 
11 2 3 0 116 1 0 2 20 8 82 7 -1 1 1 
11 0 3 0 116 1 0 2 20 8 82 7 -1 1 1 
11 0 3 0 116 0 0 2 20 8 82 7 -1 1 1 
11 2 3 0 116 1 1 2 20 8 52 7 14 1 1 
11 2 3 0 116 1 1 2 20 8 66 7 14 1 1 
11 2 3 0 116 1 1 2 20 8 66 7 -1 1 1 
11 2 3 0 116 1 1 0 20 8 66 7 14 1 1 
11 0 3 0 116 1 0 2 20 8 82 7 2 1 1 
11 0 3 0 116 1 0 2 29 8 82 7 2 1 1 
2 2 3 0 116 1 0 2 20 8 52 7 14 1 1 
0 2 3 0 112 0 0 2 20 8 85 7 11 0 1 
0 2 3 0 112 0 0 2 20 8 44 7 11 0 1 
0 2 3 0 112 0 0 2 20 8 98 7 11 0 1 
0 2 3 0 112 1 0 2 20 8 44 7 11 0 1 
0 2 3 0 112 1 0 2 20 8 91 7 11 0 1 
0 2 3 0 112 0 0 2 20 8 91 7 11 0 1 
0 2 3 0 -4 1 0 2 20 8 91 7 11 0 1 
0 2 3 0 112 0 0 2 20 8 88 7 11 0 1 
0 2 3 0 112 1 0 2 20 8 88 7 11 0 1 
0 2 3 1 112 1 0 2 20 8 91 7 11 0 1 
2 2 3 0 112 0 0 2 20 8 44 7 11 0 1 
2 2 3 0 112 0 0 2 20 8 44 7 14 0 1 
2 2 3 0 112 1 0 2 20 8 44 7 14 0 1 
2 2 3 0 112 1 0 2 20 8 44 7 -1 0 1 
2 2 3 0 112 1 0 2 20 8 88 7 -1 0 1 
2 0 3 0 112 1 0 2 20 8 44 7 14 0 1 
2 1 3 0 112 1 0 2 20 8 44 7 14 0 1 
2 1 3 0 112 1 0 2 20 8 44 7 16 0 1 
2 1 3 0 112 1 0 2 1 8 44 7 16 0 1 
2 2 3 0 112 1 1 2 20 8 44 7 14 0 1 
7 2 3 0 112 1 1 2 20 8 44 7 14 0 1 
7 2 3 0 112 1 1 2 20 8 96 7 14 0 1 
7 2 3 0 147 1 1 2 20 8 96 7 14 0 1 
7 2 3 0 147 1 1 2 15 8 96 7 14 0 1 
7 2 3 0 147 1 1 0 15 8 96 7 14 0 1 
7 2 3 0 147 1 1 0 15 8 96 7 -1 0 1 
7 2 3 0 147 1 1 2 20 8 58 7 14 0 1 
7 2 3 0 177 1 1 2 20 8 58 7 14 0 1 
7 0 3 0 177 1 1 2 20 8 58 7 14 0 1 
7 2 3 0 147 1 1 2 20 8 90 7 14 0 1 
7 2 3 0 147 1 1 2 20 8 90 7 -1 0 1 
7 2 3 0 124 1 1 2 20 8 90 7 14 0 1 
7 2 3 0 124 1 1 2 20 10 90 7 14 0 1 
9 2 3 0 124 1 1 2 20 10 90 7 14 0 1 
9 2 3 0 124 1 1 2 20 10 90 7 22 0 1 
7 2 3 0 124 1 1 2 9 8 90 7 14 0 1 
11 2 3 0 124 1 1 2 9 8 90 7 14 0 1 
11 2 3 0 124 1 1 2 9 8 90 7 -1 0 1 
11 2 3 0 124 1 1 2 9 8 92 7 14 0 1 
9 2 3 0 124 1 1 2 20 10 82 7 14 0 1 
9 2 3 0 124 1 1 2 20 6 82 7 14 0 1 
0 2 3 0 124 1 1 2 20 6 82 7 14 0 1 
0 2 3 0 124 1 1 2 20 6 78 7 14 0 1 
7 2 3 0 124 1 1 2 20 8 90 7 16 0 1 
7 2 3 0 124 1 1 0 20 8 90 7 16 0 1 
3 1 3 0 112 1 0 2 20 8 44 7 16 0 1 
3 1 3 0 112 1 0 2 20 8 98 7 16 0 1 
3 1 3 0 112 1 0 2 20 8 44 7 -1 0 1 
7 2 3 0 124 1 1 2 9 8 80 7 14 0 1 
7 0 3 0 124 1 1 2 9 8 80 7 14 0 1 
7 0 3 1 124 1 1 2 9 8 80 7 14 0 1 
0 2 3 0 112 0 0 2 20 8 80 7 11 0 1 
0 2 0 0 112 0 0 2 20 8 80 7 11 0 1 
7 2 3 0 112 1 1 2 20 8 86 7 14 0 1 
11 2 3 0 112 1 1 2 20 8 86 7 14 0 1 
7 2 3 0 112 1 1 2 20 8 99 7 14 0 1 
7 2 3 0 112 1 1 2 20 8 99 7 -1 0 1 
7 2 3 0 112 1 1 2 20 8 99 7 21 0 1 
7 2 3 0 112 1 1 2 1 8 99 7 21 0 1 
7 2 3 0 124 1 1 2 20 10 86 7 14 0 1 
7 2 3 0 124 1 1 2 20 10 86 7 21 0 1 
7 2 3 0 142 1 1 2 20 10 86 7 21 0 1 
7 2 3 0 124 1 1 2 20 10 86 25 14 0 1 
7 2 3 0 124 1 1 2 20 10 71 25 14 0 1 
9 2 3 0 124 1 1 2 20 10 71 25 14 0 1 
7 2 3 0 124 1 1 2 20 10 86 25 -1 0 1 
7 2 3 0 124 1 1 2 20 10 62 25 -1 0 1 
7 2 3 0 147 1 1 0 15 0 96 7 -1 0 1 
7 2 3 0 174 1 1 0 15 0 96 7 -1 0 1 
7 2 3 0 147 1 1 2 15 8 96 15 14 0 1 
7 2 3 0 147 1 1 2 15 8 96 15 -1 0 1 
7 2 3 0 147 1 1 2 30 8 96 15 -1 0 1 
7 2 3 0 147 1 1 2 20 8 84 7 14 0 1 
7 2 3 0 147 1 1 2 20 8 94 7 14 0 1 
7 2 3 1 147 1 1 2 20 8 84 7 14 0 1 
7 2 3 1 147 0 1 2 20 8 84 7 14 0 1 
7 2 3 1 147 1 1 2 20 8 83 7 14 0 1 
7 2 3 1 147 1 1 2 15 8 83 7 14 0 1 
7 2 3 1 147 0 1 2 20 8 96 7 14 0 1 
7 2 3 1 147 0 1 2 29 8 96 7 14 0 1 
7 2 3 1 147 0 1 2 29 8 96 7 5 0 1 
7 2 3 1 147 0 1 2 29 8 98 7 5 0 1 
7 2 3 1 147 0 1 2 31 8 84 7 14 0 1 
7 2 3 1 147 0 1 2 31 8 84 7 -1 0 1 
7 2 0 1 147 0 1 2 31 8 84 7 -1 0 1 
7 0 3 1 147 1 1 2 15 8 83 7 14 0 1 
7 2 3 1 147 1 1 2 15 8 82 7 14 0 1 
7 2 0 1 147 0 1 2 29 8 96 7 14 0 1 
7 2 0 1 147 0 1 2 29 0 96 7 14 0 1 
7 2 0 1 147 0 1 2 29 0 76 7 14 0 1 
7 2 0 1 147 0 1 2 31 8 84 7 6 0 1 
7 2 0 1 147 0 1 2 31 8 98 7 6 0 1 
7 2 0 1 147 0 1 2 31 8 98 7 8 0 1 
7 2 0 1 162 0 1 2 31 8 84 7 6 0 1 
7 2 0 1 162 0 1 2 31 8 84 1 6 0 1 
7 2 0 1 162 0 1 2 31 8 92 1 6 0 1 
7 2 3 1 172 0 1 2 29 8 98 7 5 0 1 
7 2 3 1 147 0 1 2 29 8 98 7 -1 0 1 
7 2 0 1 147 0 1 2 31 8 80 7 8 0 1 
7 2 0 1 147 0 1 2 31 8 99 7 8 0 1 
7 0 3 1 147 1 1 2 15 8 83 7 16 0 1 
7 2 3 1 147 0 1 2 31 8 84 7 2 0 1 
7 2 0 1 147 0 1 2 31 8 84 7 2 0 1 
7 2 0 1 167 0 1 2 31 8 84 7 2 0 1 
7 2 0 1 167 0 1 2 31 8 84 7 -1 0 1 
7 2 0 1 167 0 1 0 31 8 84 7 -1 0 1 
8 2 0 1 167 0 1 0 31 8 84 7 -1 0 1 
7 2 0 1 174 0 1 2 31 8 84 7 2 0 1 
7 2 0 1 174 0 1 2 31 8 84 1 2 0 1 
7 2 0 1 174 0 1 0 31 8 84 1 2 0 1 
7 0 0 1 174 0 1 2 31 8 84 1 2 0 1 
7 0 0 1 142 0 1 2 31 8 84 1 2 0 1 
7 0 0 1 -15 0 1 2 31 8 84 1 2 0 1 
0 0 0 1 -15 0 1 2 31 8 84 1 2 0 1 
0 0 0 1 -15 0 1 2 31 8 78 1 2 0 1 
7 0 1 1 174 0 1 2 31 8 84 1 2 0 1 
0 0 0 1 178 0 1 2 31 8 78 1 2 0 1 
0 0 0 1 -15 0 1 2 31 8 87 1 2 0 1 
0 2 0 1 174 0 1 2 31 8 84 7 2 0 1 
0 0 0 1 -15 0 1 2 31 0 78 1 2 0 1 
0 0 0 1 -15 0 1 2 31 0 95 1 2 0 1 
0 0 0 1 -20 0 1 2 31 0 95 1 2 0 1 
0 0 0 1 -15 0 1 2 31 0 78 1 2 1 1 
7 2 0 1 167 0 1 2 31 11 84 7 2 0 1 
7 2 3 0 147 1 1 2 20 8 72 7 14 0 1 
0 2 3 0 112 0 0 0 20 8 85 7 11 0 1 
0 0 3 0 112 0 0 2 20 8 85 7 11 0 1 
7 2 3 0 147 1 1 0 15 0 70 7 -1 0 1 
0 2 3 0 112 1 0 2 20 8 88 30 11 0 1 
0 0 3 0 112 1 0 2 20 8 88 30 11 0 1 
0 2 3 0 112 1 0 2 20 8 72 30 11 0 1 
0 2 3 0 132 1 0 2 20 8 72 30 11 0 1 
0 2 3 0 132 1 0 2 28 8 72 30 11 0 1 
0 2 3 0 132 0 0 2 20 8 72 30 11 0 1 
0 2 3 0 132 0 0 2 20 9 72 30 11 0 1 
0 2 3 0 132 0 0 2 20 9 72 30 11 1 1 
0 2 3 0 132 0 0 2 20 9 58 30 11 1 1 
0 2 3 0 132 0 0 2 20 9 58 31 11 1 1 
0 2 3 0 132 0 0 0 20 8 72 30 11 0 1 
0 2 0 0 132 0 0 0 20 8 72 30 11 0 1 
0 2 0 0 132 1 0 0 20 8 72 30 11 0 1 
0 2 3 0 112 1 0 2 20 8 72 30 15 0 1 
0 2 3 0 112 1 0 2 20 8 72 30 -1 0 1 
0 2 3 0 112 1 0 2 20 8 72 47 15 0 1 
0 2 3 0 132 0 0 2 20 9 72 30 15 0 1 
0 2 3 0 132 0 0 2 20 9 81 30 15 0 1 
0 2 3 0 132 0 0 2 30 9 81 30 15 0 1 
0 2 3 0 132 0 0 2 30 9 81 30 7 0 1 
0 2 3 0 132 0 0 2 30 9 81 32 7 0 1 
0 2 3 1 132 0 0 2 30 9 81 32 7 0 1 
0 0 3 1 132 0 0 2 30 9 81 32 7 0 1 
0 0 3 1 132 0 0 2 30 9 81 32 7 0 3 
0 0 3 1 132 0 0 2 30 9 81 32 5 0 3 
0 0 3 1 132 0 0 2 1 9 81 32 5 0 3 
0 2 3 0 12 0 0 2 30 9 81 32 7 0 1 
2 2 3 0 132 0 0 2 20 9 81 30 15 0 1 
3 2 3 0 132 0 0 2 20 9 81 30 15 0 1 
3 2 3 0 132 0 0 2 28 9 81 30 15 0 1 
3 2 3 0 132 0 0 2 31 9 81 30 15 0 1 
0 2 0 0 132 0 0 2 20 9 72 30 15 0 1 
0 0 3 1 132 0 0 2 30 9 83 32 5 0 3 
0 2 3 0 12 0 1 2 30 9 81 32 7 0 1 
0 2 0 0 12 0 1 2 30 9 81 32 7 0 1 
0 2 0 0 12 0 1 0 30 9 81 32 7 0 1 
0 2 0 0 12 0 1 0 31 9 81 32 7 0 1 
0 2 3 0 12 1 1 2 30 9 81 32 7 0 1 
0 2 3 0 12 1 1 2 30 9 81 32 8 0 1 
0 2 3 0 12 0 1 2 30 9 81 32 8 0 1 
0 2 0 0 132 0 0 2 20 9 72 30 7 0 1 
0 2 3 0 132 0 0 2 30 9 70 32 7 0 1 
0 2 0 0 12 0 1 2 25 9 81 32 7 0 1 
0 2 0 0 12 0 1 2 1 9 81 32 7 0 1 
0 2 0 0 12 0 1 0 25 9 81 32 7 0 1 
0 2 0 0 12 0 1 2 30 9 52 32 7 0 1 
0 2 0 0 12 0 1 2 30 9 92 32 7 0 1 
0 2 0 0 12 0 1 2 1 9 92 32 7 0 1 
0 2 0 0 12 0 1 2 1 9 92 32 7 1 1 
11 2 3 0 132 1 0 2 20 8 72 30 11 0 1 
11 2 3 0 132 1 0 2 20 8 94 30 11 0 1 
11 2 3 0 132 1 0 2 20 8 94 1 11 0 1 
11 2 3 0 132 1 0 2 1 8 94 1 11 0 1 
11 2 3 0 154 1 0 2 20 8 94 30 11 0 1 
11 2 3 0 154 1 0 2 31 8 94 30 11 0 1 
11 2 3 0 154 1 0 0 31 8 94 30 11 0 1 
0 2 3 0 154 1 0 2 31 8 94 30 11 0 1 
11 2 3 0 154 1 0 2 20 8 94 63 11 0 1 
11 2 3 0 154 1 0 2 20 8 97 63 11 0 1 
11 2 3 0 154 1 0 2 20 8 94 1 11 0 1 
11 0 3 0 154 1 0 2 31 8 94 30 11 0 1 
11 0 3 0 154 0 0 2 31 8 94 30 11 0 1 
11 2 3 0 132 1 0 2 1 8 94 30 11 0 1 
11 2 3 0 132 1 0 2 20 8 72 30 5 0 1 
11 2 3 0 132 1 0 2 20 8 74 30 5 0 1 
11 2 0 0 132 1 0 2 20 8 74 30 5 0 1 
11 2 3 0 132 1 0 2 20 0 74 30 5 0 1 
11 2 3 0 132 1 0 2 20 0 74 30 -1 0 1 
11 2 3 0 132 1 0 2 20 0 95 30 -1 0 1 
11 2 3 0 132 1 0 2 20 0 95 32 -1 0 1 
11 2 3 0 132 1 0 2 30 0 74 30 -1 0 1 
11 2 3 0 132 1 1 2 30 0 74 30 -1 0 1 
11 2 3 0 132 1 0 2 20 0 76 30 5 0 1 
11 2 3 0 132 1 0 2 30 0 74 30 14 0 1 
6 2 3 0 132 1 0 2 30 0 74 30 14 0 1 
6 2 3 0 132 1 0 2 30 0 92 30 14 0 1 
11 2 3 0 132 1 0 2 20 3 76 30 5 0 1 
11 2 3 0 132 1 0 2 31 8 72 30 11 0 1 
11 2 3 0 52 1 0 2 31 8 72 30 11 0 1 
11 2 3 0 52 1 0 2 31 8 72 30 -1 0 1 
11 2 3 0 52 1 0 2 31 8 72 32 -1 0 1 
11 2 3 0 52 1 0 2 31 8 66 30 11 0 1 
11 2 3 0 154 1 0 0 31 8 90 30 11 0 1 
0 2 3 0 132 0 0 2 31 9 58 31 11 1 1 
0 0 3 1 132 0 0 2 29 9 81 32 7 0 1 
11 2 3 0 132 1 0 2 20 8 72 30 11 0 3 
0 0 3 1 132 0 0 2 30 9 83 32 6 0 3 
0 2 0 0 12 0 1 0 13 9 81 32 7 0 1 
0 2 0 0 12 0 1 0 1 9 81 32 7 0 1 
0 2 0 0 12 0 1 0 13 9 81 32 22 0 1 
7 0 3 1 124 1 1 2 9 8 78 7 14 0 1 
7 0 3 1 124 1 1 2 28 8 78 7 14 0 1 
7 0 3 1 124 1 1 0 9 8 78 7 14 0 1 
7 0 3 1 124 1 1 2 28 8 91 7 14 0 1 
7 0 3 1 124 1 1 2 19 8 91 7 14 0 1 
0 0 3 1 124 1 1 2 19 8 91 7 14 0 1 
0 0 3 1 124 1 1 2 22 8 91 7 14 0 1 
0 0 3 1 8 1 1 2 22 8 91 7 14 0 1 
7 0 3 1 124 1 1 0 9 9 78 7 14 0 1 
7 0 3 1 60 1 1 0 9 9 78 7 14 0 1 
7 0 3 1 60 1 1 0 9 9 62 7 14 0 1 
7 0 3 1 60 1 1 0 9 9 60 7 14 0 1 
7 0 3 1 60 1 1 0 9 9 60 7 -1 0 1 
0 0 3 1 60 1 1 0 9 9 60 7 -1 0 1 
0 0 3 1 60 1 1 0 9 9 67 7 -1 0 1 
0 0 3 1 60 1 1 0 9 9 67 1 -1 0 1 
7 0 3 1 124 1 1 2 9 8 70 7 14 0 1 
0 0 3 1 60 1 1 0 9 9 60 7 2 0 1 
7 0 3 1 124 1 1 2 28 8 90 7 14 0 1 
7 0 3 1 124 1 1 2 28 8 90 31 14 0 1 
7 0 3 1 124 1 1 2 28 8 86 7 14 0 1 
7 0 3 1 28 1 1 2 28 8 86 7 14 0 1 
7 0 3 1 28 1 1 0 28 8 86 7 14 0 1 
7 0 0 1 28 1 1 0 28 8 86 7 14 0 1 
7 0 3 1 28 1 1 2 28 8 78 7 14 0 1 
7 0 3 1 28 1 1 2 28 8 52 7 14 0 1 
10 2 3 0 112 1 1 2 20 8 86 7 14 0 1 
10 2 3 0 112 1 1 2 20 8 86 7 16 0 1 
10 2 3 0 176 1 1 2 20 8 86 7 16 0 1 
10 2 3 0 112 0 1 2 20 8 86 7 14 0 1 
10 2 3 0 112 0 1 0 20 8 86 7 14 0 1 
10 2 3 0 112 0 1 0 20 8 86 7 -1 0 1 
10 2 3 0 112 0 1 0 20 8 98 7 -1 0 1 
10 2 3 0 112 0 1 0 1 8 98 7 -1 0 1 
10 2 3 0 112 0 1 0 20 8 86 1 14 0 1 
10 2 3 0 112 1 1 2 20 8 78 7 14 0 1 
10 2 3 0 112 1 1 2 20 8 86 7 20 0 1 
10 2 3 0 112 0 1 0 1 8 92 7 -1 0 1 
10 2 3 0 112 0 1 2 20 8 84 7 14 0 1 
0 2 3 0 112 0 1 2 20 8 84 7 14 0 1 
0 2 3 0 112 0 1 2 20 8 82 7 14 0 1 
0 2 3 0 112 0 1 2 20 8 82 7 -1 0 1 
0 2 3 0 112 0 1 2 20 8 96 7 14 0 1 
11 0 3 0 112 1 0 2 20 8 88 30 11 0 1 
0 2 0 0 12 0 1 2 30 9 78 32 7 0 1 
11 2 0 0 12 0 1 2 30 9 78 32 7 0 1 
11 2 0 0 12 0 1 2 30 9 92 32 7 0 1 
11 2 0 0 12 0 1 2 30 9 92 1 7 0 1 
11 2 0 0 12 0 1 2 30 9 92 1 -1 0 1 
11 2 0 0 12 0 1 2 30 9 61 1 -1 0 1 
7 2 0 1 162 0 1 2 31 8 84 33 6 0 1 
7 2 0 1 162 0 1 2 31 8 84 33 14 0 1 
7 2 0 1 162 0 1 2 23 8 84 33 6 0 1 
10 2 0 1 162 0 1 2 23 8 84 33 6 0 1 
7 2 0 1 162 0 1 2 21 8 84 33 6 0 1 
7 2 0 1 22 0 1 2 21 8 84 33 6 0 1 
7 2 0 1 22 1 1 2 21 8 84 33 6 0 1 
10 2 3 0 116 1 1 2 20 8 66 7 14 1 1 
10 2 3 0 172 1 1 2 20 8 66 7 14 1 1 
11 2 3 0 50 1 0 2 22 8 88 7 11 1 1 
11 2 3 0 50 1 0 2 22 8 84 7 11 1 1 
11 2 3 0 50 1 0 2 22 8 91 7 11 1 1 
11 2 3 0 50 1 0 2 22 8 91 7 14 1 1 
11 2 3 0 50 1 0 2 22 8 99 7 14 1 1 
11 0 3 0 50 1 0 2 22 8 99 7 14 1 1 
11 2 3 0 124 1 1 2 9 8 88 7 14 0 1 
11 2 3 0 36 1 1 2 9 8 88 7 14 0 1 
11 2 3 0 36 1 1 2 9 8 88 7 -1 0 1 
11 2 3 0 36 0 1 2 9 8 88 7 14 0 1 
11 2 3 0 124 1 1 2 9 8 88 30 14 0 1 
11 2 3 0 124 1 1 2 9 8 88 1 14 0 1 
6 2 3 0 124 1 1 2 9 8 88 1 14 0 1 
11 2 3 0 124 1 1 2 9 8 88 1 16 0 1 
11 2 3 0 124 1 1 2 9 8 58 1 14 0 1 
6 2 3 0 124 1 1 2 9 8 86 1 14 0 1 
0 2 3 0 148 1 0 2 20 8 85 7 -1 1 1 
0 2 0 0 148 1 0 2 20 8 85 7 -1 1 1 
2 2 3 0 112 1 0 2 20 8 85 7 11 0 1 
2 2 3 0 112 1 0 2 20 8 85 7 -1 0 1 
2 2 3 0 -20 1 0 2 20 8 85 7 -1 0 1 
6 2 3 0 -20 1 0 2 20 8 85 7 -1 0 1 
6 2 3 0 -20 1 0 2 20 8 97 7 -1 0 1 
6 2 3 0 -20 1 0 2 20 8 44 7 -1 0 1 
6 2 3 0 -20 1 0 2 20 8 80 7 -1 0 1 
2 2 3 1 112 1 0 2 20 8 85 7 11 0 1 
2 2 3 1 112 1 0 2 20 8 99 7 11 0 1 
2 2 0 0 112 1 0 2 20 8 85 7 11 0 1 
2 2 0 0 112 1 0 2 15 8 85 7 11 0 1 
2 2 0 0 112 1 0 2 15 8 98 7 11 0 1 
3 2 0 0 112 1 0 2 15 8 85 7 11 0 1 
3 2 0 0 112 1 0 2 15 8 84 7 11 0 1 
3 2 0 0 112 1 0 2 15 8 98 7 11 0 1 
2 2 0 0 112 1 0 2 15 8 84 7 11 0 1 
2 2 0 0 110 1 0 2 15 8 84 7 11 0 1 
2 2 0 0 110 1 0 2 15 8 94 7 11 0 1 
2 2 0 0 60 1 0 2 15 8 94 7 11 0 1 
2 2 0 0 112 1 0 2 15 8 78 7 11 0 1 
2 2 0 0 112 1 0 2 15 8 92 7 11 0 1 
2 2 0 0 58 1 0 2 15 8 92 7 11 0 1 
2 0 0 0 58 1 0 2 15 8 92 7 11 0 1 
2 0 0 0 58 1 0 2 15 8 40 7 11 0 1 
4 0 0 0 58 1 0 2 15 8 40 7 11 0 1 
4 0 0 0 58 1 0 2 15 8 99 7 11 0 1 
4 0 0 0 58 0 0 2 15 8 99 7 11 0 1 
4 2 0 0 112 1 0 2 15 8 78 7 11 0 1 
4 2 0 0 112 1 0 2 5 8 78 7 11 0 1 
4 2 0 0 112 1 0 2 5 8 95 7 11 0 1 
4 2 0 0 112 1 1 2 5 8 78 7 11 0 1 
4 2 0 0 112 1 1 2 5 8 78 7 14 0 1 
4 2 0 0 112 0 1 2 5 8 78 7 14 0 1 
4 2 0 0 112 0 1 2 30 8 78 7 14 0 1 
4 2 0 0 112 1 0 2 6 8 95 7 11 0 1 
2 2 0 0 60 1 0 2 15 8 68 7 11 0 1 
2 2 0 0 60 1 0 2 15 0 68 7 11 0 1 
2 2 0 0 60 1 0 2 15 0 68 44 11 0 1 
0 2 0 0 60 1 0 2 15 8 68 7 11 0 1 
2 2 0 0 60 0 0 2 15 0 68 7 11 0 1 
2 2 0 0 60 0 0 2 15 0 97 7 11 0 1 
2 2 0 0 60 1 0 2 15 0 82 44 11 0 1 
2 0 0 0 60 1 0 2 15 0 82 44 11 0 1 
2 2 0 0 60 1 0 2 15 0 84 44 11 0 1 
2 2 0 0 60 1 1 2 15 0 68 7 11 0 1 
2 2 0 0 60 1 0 2 15 0 70 44 11 0 1 
2 2 0 0 60 1 0 2 15 0 66 44 11 0 1 
2 2 0 0 60 1 0 2 15 0 66 44 9 0 1 
2 2 2 0 60 0 0 2 15 0 68 7 11 0 1 
2 2 2 0 60 0 0 2 15 4 68 7 11 0 1 
2 0 2 0 60 0 0 2 15 4 68 7 11 0 1 
2 0 2 0 60 0 0 2 15 4 68 32 11 0 1 
2 0 2 0 60 0 0 2 15 4 95 32 11 0 1 
2 0 2 0 60 0 0 2 15 4 73 32 11 0 1 
10 0 2 0 60 0 0 2 15 4 68 32 11 0 1 
2 0 2 0 60 0 0 2 31 4 73 32 11 0 1 
10 0 2 0 60 0 0 2 15 4 68 32 11 0 3 
10 0 2 0 60 0 0 2 15 4 90 32 11 0 3 
10 0 3 0 60 0 0 2 15 4 90 32 11 0 3 
10 0 2 0 60 0 0 2 15 4 88 32 11 0 1 
10 0 2 0 60 0 0 2 15 4 62 32 11 0 3 
10 0 2 0 60 0 0 2 15 4 84 32 11 0 3 
2 0 2 0 83 0 0 2 15 4 73 32 11 0 1 
2 0 2 0 60 0 0 0 15 4 73 32 11 0 1 
2 0 2 0 60 0 0 0 15 4 44 32 11 0 1 
2 0 1 0 58 1 0 2 15 8 92 7 11 0 1 
4 2 0 0 112 1 0 2 15 8 78 56 11 0 1 
2 2 0 0 110 1 0 2 15 8 94 42 11 0 1 
2 2 2 0 60 0 0 2 15 4 68 14 11 0 1 
2 2 3 0 60 0 0 2 15 4 68 14 11 0 1 
4 0 0 0 58 1 0 2 15 8 88 7 11 0 1 
4 1 0 0 58 1 0 2 15 8 88 7 11 0 1 
4 1 0 0 58 1 0 2 29 8 88 7 11 0 1 
4 1 0 0 58 1 0 2 29 8 48 7 11 0 1 
4 1 0 0 58 1 0 2 29 8 48 7 11 0 2 
4 1 0 0 82 1 0 2 29 8 48 7 11 0 1 
4 1 0 0 58 1 0 2 29 8 99 7 11 0 2 
4 1 0 0 58 1 0 2 29 9 99 7 11 0 2 
4 1 0 0 157 1 0 2 29 9 99 7 11 0 2 
6 1 0 0 157 1 0 2 29 9 99 7 11 0 2 
4 1 0 0 58 1 1 2 29 8 99 7 11 0 2 
4 1 0 0 58 1 1 2 29 8 99 7 14 0 2 
4 1 0 0 58 1 1 2 29 8 99 7 21 0 2 
4 1 0 0 58 1 1 2 29 8 99 7 21 1 2 
4 1 0 0 58 1 0 2 25 8 48 7 11 0 2 
4 1 0 0 58 1 0 2 25 8 48 7 -1 0 2 
4 1 0 0 58 1 0 2 1 8 48 7 -1 0 2 
4 0 2 0 60 0 0 2 15 4 73 32 11 0 1 
4 0 2 0 60 0 0 2 15 4 68 32 11 0 1 
4 1 0 0 58 1 0 2 21 9 99 7 11 0 2 
4 2 0 0 112 1 0 2 6 8 84 7 11 0 1 
2 2 3 0 112 1 0 2 20 8 85 7 2 0 1 
2 2 3 0 112 1 0 2 20 0 85 7 2 0 1 
2 2 3 0 112 1 0 2 20 0 11 7 2 0 1 
2 2 3 0 112 1 0 2 20 6 85 7 2 0 1 
2 2 3 0 112 1 0 2 27 6 85 7 2 0 1 
2 2 3 0 112 1 0 2 20 6 92 7 2 0 1 
2 2 3 0 112 1 0 2 20 6 92 7 20 0 1 
2 2 3 0 112 1 0 2 31 0 11 7 2 0 1 
2 2 3 0 112 1 0 2 20 6 88 7 2 0 1 
4 2 0 0 112 1 1 2 5 8 78 29 14 0 1 
2 2 0 0 60 1 1 2 15 2 68 7 11 0 1 
2 2 0 0 -18 1 1 2 15 2 68 7 11 0 1 
3 1 3 0 112 1 0 2 20 8 64 7 16 0 1 
3 1 3 0 112 1 0 2 20 8 91 7 16 0 1 
3 2 0 0 112 1 0 2 15 8 92 7 11 0 1 
3 2 0 0 112 1 0 2 15 8 92 16 11 0 1 
7 2 0 0 112 1 0 2 15 8 92 16 11 0 1 
7 2 2 0 112 1 0 2 15 8 92 16 11 0 1 
7 2 2 0 112 1 0 2 13 8 92 16 11 0 1 
7 2 2 1 112 1 0 2 15 8 92 16 11 0 1 
7 2 0 0 112 1 0 2 15 8 92 63 11 0 1 
7 2 0 0 112 1 0 2 15 0 92 63 11 0 1 
3 2 0 0 112 1 0 2 15 8 92 7 15 0 1 
3 2 0 0 112 1 0 2 15 8 95 7 15 0 1 
3 2 0 0 112 1 0 2 15 8 88 7 15 0 1 
3 2 0 0 64 1 0 2 15 8 88 7 15 0 1 
3 2 0 0 64 1 0 2 15 8 88 7 16 0 1 
3 2 0 0 64 1 0 2 15 8 97 7 16 0 1 
3 2 0 0 20 1 0 2 15 8 97 7 16 0 1 
3 2 0 0 20 1 0 2 15 8 97 7 -1 0 1 
3 2 0 0 179 1 0 2 15 8 97 7 -1 0 1 
3 0 0 0 179 1 0 2 15 8 97 7 -1 0 1 
3 2 0 0 20 1 0 0 15 8 97 7 -1 0 1 
3 2 0 0 108 1 0 0 15 8 97 7 -1 0 1 
7 0 3 1 124 1 1 2 25 8 90 31 14 0 1 
10 2 3 0 112 0 1 0 20 8 98 7 2 0 1 
10 2 3 0 112 0 1 0 20 8 98 7 2 0 3 
10 2 3 0 146 0 1 0 20 8 98 7 2 0 3 
10 2 3 0 -20 0 1 0 20 8 98 7 2 0 3 
10 2 3 0 112 0 1 0 20 8 32 7 2 0 3 
10 2 0 0 112 0 1 0 20 8 98 7 2 0 3 
11 2 3 0 112 1 0 2 9 8 86 7 11 1 1 
11 2 3 0 112 0 0 2 9 8 86 7 11 1 1 
11 2 3 0 112 0 0 0 9 8 86 7 11 1 1 
11 2 3 0 112 1 0 0 9 8 86 7 11 1 1 
6 2 3 0 112 1 0 0 9 8 86 7 11 1 1 
10 2 3 0 112 1 0 2 9 8 86 7 11 1 1 
10 2 3 0 112 1 0 2 9 8 86 7 -1 1 1 
10 2 3 0 -20 1 0 2 9 8 86 7 11 1 1 
11 2 3 0 112 0 0 2 9 8 72 7 11 1 1 
11 2 3 0 112 0 0 0 9 8 84 7 11 1 1 
11 2 3 0 112 0 0 0 9 8 55 7 11 1 1 
11 2 3 0 112 0 0 0 9 8 66 7 11 1 1 
11 2 0 0 112 0 0 0 9 8 66 7 11 1 1 
11 2 3 0 112 0 0 0 9 8 66 15 11 1 1 
11 2 3 0 112 0 0 0 9 8 55 14 11 1 1 
0 0 0 1 -20 0 1 2 31 0 95 1 4 0 1 
0 0 0 1 -20 0 1 2 31 0 88 1 4 0 1 
0 0 2 1 -20 0 1 2 31 0 88 1 4 0 1 
0 0 2 1 -20 0 1 2 31 0 99 1 4 0 1 
0 0 2 1 -20 0 1 2 31 0 70 1 4 0 1 
0 0 2 1 -20 0 1 2 31 0 99 1 6 0 1 
0 2 3 0 112 0 0 2 9 8 66 7 6 1 1 
0 2 3 0 112 0 0 2 9 8 56 7 6 1 1 
0 2 3 0 112 0 0 2 9 8 84 7 6 1 1 
0 2 3 0 112 0 0 2 9 8 84 7 -1 1 1 
0 2 3 0 112 1 0 2 9 8 56 7 6 1 1 
0 2 3 0 112 0 0 0 9 8 66 7 6 1 1 
0 2 3 0 112 0 0 0 9 0 66 7 6 1 1 
0 2 3 0 112 0 0 2 9 8 82 7 -1 1 1 
0 2 3 0 112 0 0 0 9 0 96 7 6 1 1 
0 2 3 0 112 1 0 2 9 8 62 7 6 1 1 
0 2 3 0 112 0 0 2 9 8 62 7 6 1 1 
0 2 3 0 112 0 0 2 30 8 56 7 6 1 1 
2 2 3 0 112 0 0 2 9 8 84 7 6 1 1 
7 2 0 1 174 0 1 2 23 8 84 1 2 0 1 
7 2 0 1 174 0 1 2 23 8 98 1 2 0 1 
8 2 0 1 174 0 1 2 23 8 84 1 2 0 1 
11 2 3 0 116 1 0 2 20 8 82 7 8 1 1 
10 2 3 0 112 1 0 2 9 8 66 7 11 1 1 
10 2 3 0 112 1 0 0 9 8 66 7 11 1 1 
10 2 3 0 112 1 0 2 9 8 66 7 15 1 1 
10 2 3 0 112 0 0 2 9 8 66 7 15 1 1 
10 0 3 0 112 0 0 2 9 8 66 7 15 1 1 
10 0 3 0 112 0 0 2 9 8 66 7 16 1 1 
10 0 3 0 112 0 0 2 9 8 66 7 9 1 1 
10 0 3 0 112 0 0 2 9 8 36 7 9 1 1 
10 0 3 0 112 0 0 2 9 8 30 7 9 1 1 
10 2 3 0 112 1 0 2 9 8 66 14 15 1 1 
10 0 3 0 112 1 0 2 9 8 66 14 15 1 1 
10 0 3 0 112 1 0 2 9 8 99 14 15 1 1 
10 0 3 0 112 1 0 2 9 8 66 14 -1 1 1 
10 0 3 0 112 0 0 2 12 8 30 7 9 1 1 
10 0 3 0 112 0 0 2 12 8 88 7 9 1 1 
10 2 3 0 112 0 0 2 12 8 88 7 9 1 1 
10 0 3 0 112 0 0 2 12 6 30 7 9 1 1 
10 1 3 0 112 0 0 2 12 6 30 7 9 1 1 
10 2 3 0 112 0 0 2 12 6 30 7 9 1 1 
10 2 3 0 112 0 0 2 12 6 30 1 9 1 1 
10 0 3 0 115 0 0 2 9 8 66 7 16 1 1 
10 2 3 0 164 0 0 2 12 8 88 7 9 1 1 
10 2 3 0 -14 0 0 2 12 8 88 7 9 1 1 
10 2 3 0 -14 0 0 2 12 8 90 7 9 1 1 
10 0 3 0 112 0 0 2 9 8 36 7 9 0 1 
10 0 3 0 112 0 0 2 9 8 99 7 9 0 1 
10 0 3 0 112 0 0 2 9 8 99 7 -1 0 1 
0 0 3 0 112 0 0 2 9 8 30 7 9 1 1 
0 0 3 0 112 0 0 2 9 8 62 7 9 1 1 
0 0 3 0 112 0 0 2 9 8 62 7 -1 1 1 
0 0 3 0 112 0 0 0 9 8 62 7 9 1 1 
0 0 3 0 112 0 0 0 9 10 62 7 9 1 1 
0 0 3 0 112 0 0 0 9 10 44 7 9 1 1 
0 0 3 0 112 0 0 0 1 10 44 7 9 1 1 
0 0 3 0 147 0 0 0 1 10 44 7 9 1 1 
0 0 3 0 147 0 0 2 1 10 44 7 9 1 1 
0 0 3 0 147 1 0 0 1 10 44 7 9 1 1 
0 0 3 0 147 1 0 2 1 10 44 7 9 1 1 
