0 2 0 1 69 0 1 0 21 4 60 10 1 1 1 
0 2 0 1 69 0 1 0 27 4 60 10 1 1 1 
0 2 0 1 69 0 1 0 27 4 60 1 1 1 1 
0 2 0 1 69 0 1 0 27 4 96 10 1 1 1 
1 2 3 0 1 0 0 1 23 8 83 17 12 0 2 
1 2 3 0 1 0 0 1 23 8 83 17 -1 0 2 
1 2 3 0 1 0 0 1 28 8 83 17 -1 0 2 
2 1 0 0 115 0 0 2 15 6 90 26 15 1 2 
3 2 3 1 155 1 1 0 27 1 53 1 2 1 1 
4 0 3 0 147 0 1 2 22 8 83 33 3 0 1 
4 1 2 0 59 0 1 1 24 0 62 27 -1 0 2 
6 0 2 0 62 0 0 2 2 0 72 1 5 0 1 
6 0 2 0 62 0 0 2 2 0 72 1 -1 0 1 
6 0 2 0 177 0 1 0 8 7 68 23 7 1 1 
6 0 2 0 177 1 1 0 8 7 68 23 7 1 1 
7 1 3 0 25 1 1 0 11 3 75 7 11 0 0 
7 1 3 0 25 1 1 0 11 3 75 7 -1 0 0 
9 2 2 0 -4 1 0 1 22 7 93 29 10 1 1 
0 2 2 0 -4 1 0 1 22 7 93 29 10 1 1 
0 2 2 0 -4 1 0 1 22 7 93 29 -1 1 1 
0 2 2 0 -4 1 0 1 22 7 93 23 10 1 1 
9 2 2 0 -4 1 0 1 22 7 93 29 11 1 1 
0 2 2 0 -4 1 0 1 22 7 93 29 11 1 1 
0 2 2 0 -4 1 0 1 22 7 96 29 11 1 1 
0 2 2 0 -4 1 0 1 22 7 88 23 10 1 1 
0 2 2 0 -4 1 0 1 22 7 86 23 10 1 1 
0 2 2 0 83 1 0 1 22 7 86 23 10 1 1 
0 2 2 0 -4 1 0 1 22 7 78 23 10 1 1 
0 2 2 0 -4 1 0 1 22 7 78 23 -1 1 1 
0 2 2 0 -4 1 0 1 11 7 78 23 -1 1 1 
9 2 2 0 -4 1 0 1 22 7 90 29 11 1 1 
9 2 2 0 -4 1 0 1 1 7 90 29 11 1 1 
9 2 2 0 -4 1 0 1 1 7 90 29 -1 1 1 
0 2 2 0 -4 1 0 1 22 7 78 23 11 1 1 
0 2 2 0 -4 1 0 1 22 7 85 29 10 1 1 
0 2 2 0 -4 1 0 1 22 7 85 29 -1 1 1 
0 2 2 0 179 1 0 1 22 7 85 29 10 1 1 
0 2 2 0 -4 1 0 1 22 7 92 29 11 1 1 
0 2 2 0 -4 1 0 1 22 7 88 29 11 1 1 
0 2 2 0 102 1 0 1 22 7 88 29 11 1 1 
2 2 2 0 83 1 0 1 22 7 86 23 10 1 1 
0 0 1 0 72 0 1 0 22 5 73 11 8 0 2 
0 0 1 0 72 0 1 0 22 5 99 11 8 0 2 
0 0 1 0 72 0 1 0 22 5 64 11 8 0 2 
0 0 1 0 72 0 1 0 30 5 64 11 8 0 2 
0 0 1 0 20 0 1 0 22 5 64 11 8 0 2 
0 0 1 0 20 0 1 0 22 5 56 11 8 0 2 
10 0 1 0 20 0 1 0 22 5 56 11 8 0 2 
10 0 1 1 20 0 1 0 22 5 56 11 8 0 2 
10 0 1 1 20 0 1 0 22 5 99 11 8 0 2 
10 0 1 1 20 0 1 0 28 5 56 11 8 0 2 
0 0 1 0 20 0 1 0 22 5 46 11 8 0 2 
0 0 1 0 20 0 1 0 22 7 56 11 8 0 2 
0 0 1 0 20 0 1 0 22 6 56 11 8 0 2 
0 0 1 0 20 0 1 0 6 6 56 11 8 0 2 
0 0 1 0 20 0 1 0 6 6 96 11 8 0 2 
0 0 1 0 20 0 1 0 6 6 56 11 -1 0 2 
0 0 1 0 20 0 1 0 6 6 84 11 -1 0 2 
0 0 1 0 20 0 1 0 6 6 66 11 8 0 2 
0 0 1 0 20 0 1 0 6 6 66 11 -1 0 2 
9 0 1 0 20 0 1 0 6 6 96 11 8 0 2 
9 0 1 0 20 0 1 0 6 6 96 11 -1 0 2 
9 0 1 0 20 0 1 0 6 6 96 11 -1 1 2 
9 0 1 0 20 0 1 0 1 6 96 11 -1 1 2 
9 0 3 0 20 0 1 0 6 6 96 11 -1 1 2 
0 1 1 0 20 0 1 0 22 7 56 11 8 0 2 
0 1 1 0 20 0 1 0 22 7 56 1 8 0 2 
0 1 1 0 20 0 1 0 22 7 82 1 8 0 2 
0 1 1 0 20 0 1 0 22 7 56 17 8 0 2 
0 1 1 0 20 0 1 0 22 7 81 17 8 0 2 
0 1 1 0 20 0 1 0 22 7 81 1 8 0 2 
0 1 1 0 56 0 1 0 22 7 81 17 8 0 2 
0 1 1 0 56 0 1 0 22 7 81 17 15 0 2 
0 1 1 0 56 0 1 0 1 7 81 17 15 0 2 
11 1 1 0 56 0 1 0 1 7 81 17 15 0 2 
11 1 1 0 56 0 1 0 1 7 81 60 15 0 2 
0 1 1 0 56 0 1 0 22 7 78 17 8 0 2 
0 1 1 0 56 0 1 0 24 7 81 17 15 0 2 
0 1 1 0 56 0 1 0 24 7 81 7 15 0 2 
0 1 1 0 56 0 1 0 1 7 78 17 8 0 2 
0 1 1 0 56 0 0 0 1 7 78 17 8 0 2 
0 1 1 0 146 0 1 0 1 7 78 17 8 0 2 
0 1 1 0 167 0 1 0 1 7 78 17 8 0 2 
0 1 1 0 167 0 1 0 1 7 83 17 8 0 2 
0 1 1 0 76 0 1 0 1 7 83 17 8 0 2 
0 1 1 0 146 0 1 1 1 7 78 17 8 0 2 
11 1 1 0 56 0 1 0 1 7 83 60 15 0 2 
0 0 1 0 72 0 1 0 30 5 98 11 8 0 2 
0 0 1 0 20 0 1 0 6 6 94 11 -1 0 2 
0 0 1 0 20 0 1 0 6 6 94 11 2 0 2 
0 0 1 0 20 0 1 0 6 6 70 11 -1 0 2 
0 0 1 0 20 1 1 0 6 6 70 11 -1 0 2 
0 0 1 0 20 0 1 0 6 6 70 11 1 0 2 
11 1 1 0 56 0 1 0 22 7 81 17 15 0 2 
10 0 1 0 20 0 1 0 22 5 56 11 16 0 2 
11 1 1 0 20 0 1 0 22 7 56 17 8 0 2 
11 1 1 0 20 0 1 0 22 0 56 17 8 0 2 
0 1 1 0 20 0 1 0 1 7 56 17 8 0 2 
0 1 1 0 56 0 1 0 24 7 81 7 16 0 2 
10 0 1 1 20 0 0 0 22 5 56 11 8 0 2 
10 0 1 1 20 0 0 0 27 5 56 11 8 0 2 
11 0 1 1 20 0 0 0 27 5 56 11 8 0 2 
10 0 1 1 36 0 0 0 22 5 56 11 8 0 2 
0 0 1 0 72 0 1 0 22 5 64 11 14 0 2 
0 0 1 0 83 0 1 0 22 5 64 11 14 0 2 
11 0 1 0 83 0 1 0 22 5 64 11 14 0 2 
0 0 1 0 83 0 1 0 22 5 54 11 14 0 2 
0 1 1 0 83 0 1 0 22 5 64 11 14 0 2 
0 2 1 0 83 0 1 0 22 5 64 11 14 0 2 
0 1 1 0 83 0 1 0 22 5 58 11 14 0 2 
11 0 1 0 83 0 1 0 1 5 64 11 14 0 2 
11 0 1 0 83 0 1 0 30 5 64 11 14 0 2 
11 0 1 0 83 0 1 0 30 5 62 11 14 0 2 
0 0 1 0 83 0 1 0 30 5 62 11 14 0 2 
11 1 1 0 20 0 1 0 22 7 56 17 8 0 0 
11 1 1 0 20 0 1 0 22 7 40 17 8 0 2 
11 1 1 0 20 0 1 0 22 9 40 17 8 0 2 
11 1 1 0 20 0 1 0 22 9 40 17 -1 0 2 
11 1 1 0 20 0 1 0 22 9 91 17 8 0 2 
11 1 1 0 54 0 1 0 22 9 91 17 8 0 2 
11 1 1 0 83 0 1 0 22 9 91 17 8 0 2 
11 1 1 0 20 0 1 0 22 9 88 17 8 0 2 
11 1 1 0 54 0 1 0 22 9 86 17 8 0 2 
10 1 1 0 54 0 1 0 22 9 86 17 8 0 2 
2 0 1 0 20 0 1 0 6 6 94 11 2 0 2 
11 0 1 0 20 0 1 0 6 6 56 11 8 0 2 
1 1 1 0 83 0 1 0 22 5 58 11 14 0 2 
1 1 1 1 83 0 1 0 22 5 58 11 14 0 2 
1 1 1 0 74 0 1 0 22 5 58 11 14 0 2 
1 1 1 1 83 0 1 0 22 5 58 11 13 0 2 
1 1 1 1 83 0 1 0 22 5 98 11 13 0 2 
1 1 1 1 83 0 1 0 1 5 58 11 13 0 2 
1 1 1 1 83 0 1 0 22 5 58 16 13 0 2 
1 1 1 1 83 0 1 0 22 5 84 16 13 0 2 
1 1 1 1 83 0 1 0 22 5 84 16 16 0 2 
1 1 1 1 64 0 1 0 22 5 84 16 16 0 2 
1 1 1 1 64 0 1 0 22 5 52 16 16 0 2 
1 1 1 1 64 0 1 0 15 5 84 16 16 0 2 
1 1 1 1 83 0 1 1 22 5 84 16 16 0 2 
6 1 1 1 83 0 1 1 22 5 84 16 16 0 2 
1 1 1 1 102 0 1 0 15 5 84 16 16 0 2 
1 1 1 1 102 0 1 0 15 10 84 16 16 0 2 
1 1 1 1 64 0 1 1 22 5 52 16 16 0 2 
0 1 1 1 64 0 1 1 22 5 52 16 16 0 2 
0 1 1 1 64 0 1 1 22 5 91 16 16 0 2 
1 1 1 1 64 0 1 1 22 5 50 16 16 0 2 
1 1 1 1 64 0 1 1 22 5 82 16 16 0 2 
1 1 1 1 64 0 1 1 22 5 90 16 16 0 2 
1 1 1 0 64 0 1 1 22 5 50 16 16 0 2 
1 1 1 0 64 0 1 1 22 5 50 16 22 0 2 
1 1 1 0 64 0 1 1 27 5 50 16 22 0 2 
1 1 1 0 64 0 1 1 27 5 50 7 22 0 2 
1 1 1 0 64 0 1 1 27 5 84 7 22 0 2 
2 1 1 1 83 0 1 0 22 5 58 16 13 0 2 
2 1 1 1 83 0 1 0 22 8 58 16 13 0 2 
2 1 1 1 83 0 1 0 22 8 58 16 -1 0 2 
2 1 1 1 83 0 1 0 22 8 24 16 -1 0 2 
2 1 1 1 83 0 1 0 22 8 58 25 -1 0 2 
3 1 1 1 83 0 1 0 22 5 84 16 16 0 2 
3 1 1 1 83 0 1 0 22 5 70 16 16 0 2 
3 1 1 1 83 0 1 0 22 5 70 16 -1 0 2 
3 1 1 0 83 0 1 0 22 5 70 16 16 0 2 
3 1 1 0 83 0 1 0 28 5 70 16 16 0 2 
0 1 1 0 83 0 1 0 22 5 70 16 16 0 2 
11 0 1 0 72 0 1 0 22 5 64 11 14 0 2 
11 1 1 1 64 0 1 1 22 5 52 16 16 0 2 
10 1 1 0 20 0 1 0 22 9 40 17 8 0 2 
10 1 1 0 20 0 1 1 22 9 40 17 8 0 2 
10 2 1 0 20 0 1 1 22 9 40 17 8 0 2 
10 2 1 0 20 0 1 1 22 9 40 17 -1 0 2 
10 2 1 0 20 0 1 1 22 9 99 17 8 0 2 
10 2 1 0 20 0 1 1 13 9 99 17 8 0 2 
10 2 1 0 20 0 1 0 13 9 99 17 8 0 2 
10 2 1 0 102 0 1 1 22 9 40 17 -1 0 2 
10 2 1 0 102 0 1 1 22 11 40 17 -1 0 2 
10 2 1 0 102 0 1 1 1 11 40 17 -1 0 2 
10 1 2 0 20 0 1 0 22 9 40 17 8 0 2 
10 2 1 0 20 0 1 1 22 9 86 17 8 0 2 
10 2 1 0 20 0 1 1 22 9 88 17 8 0 2 
10 1 2 0 20 0 1 0 22 9 47 17 8 0 2 
10 1 2 0 20 0 1 1 22 9 47 17 8 0 2 
10 2 1 0 20 0 1 1 22 9 80 17 8 0 2 
10 2 1 0 20 0 1 1 22 6 80 17 8 0 2 
10 2 1 0 20 0 1 1 22 6 80 62 8 0 2 
10 2 0 0 20 0 1 1 22 6 80 62 8 0 2 
10 2 0 0 20 0 1 1 22 6 80 62 8 0 3 
10 2 0 0 20 0 1 1 22 6 80 11 8 0 3 
10 2 1 0 20 0 1 1 22 6 99 17 8 0 2 
10 2 0 0 20 0 1 1 22 6 72 11 8 0 3 
10 2 1 0 20 0 1 1 22 9 72 17 8 0 2 
10 2 1 0 20 0 1 1 22 9 46 17 8 0 2 
10 2 1 0 20 0 1 1 22 9 60 17 8 0 2 
0 2 1 0 20 0 1 1 22 9 60 17 8 0 2 
0 2 1 0 20 0 1 1 22 9 72 17 8 0 2 
0 2 1 0 20 0 1 1 22 9 72 17 -1 0 2 
0 2 2 0 20 0 1 1 22 9 72 17 -1 0 2 
0 2 2 0 20 0 1 1 30 9 72 17 -1 0 2 
0 2 1 0 20 0 1 0 22 9 72 17 8 0 2 
0 2 1 0 20 0 1 0 29 9 72 17 8 0 2 
10 2 1 0 20 0 1 1 22 6 84 17 8 0 2 
10 2 1 0 20 0 1 0 22 6 84 17 8 0 2 
0 2 2 0 20 0 1 1 22 9 82 17 -1 0 2 
0 2 1 0 20 0 1 1 6 9 60 17 8 0 2 
10 2 0 0 20 0 1 1 22 6 72 14 8 0 3 
10 2 0 0 20 0 1 1 22 6 81 14 8 0 3 
10 2 0 0 20 0 1 1 31 6 72 14 8 0 3 
10 2 0 0 20 0 1 1 31 6 44 14 8 0 3 
10 2 0 0 20 0 1 1 31 6 44 15 8 0 3 
10 2 0 0 20 0 1 1 31 6 44 15 -1 0 3 
11 2 0 0 20 0 1 1 31 6 44 15 -1 0 3 
10 2 0 1 20 0 1 1 31 6 44 15 8 0 3 
10 2 0 1 20 0 1 2 31 6 44 15 8 0 3 
11 2 0 0 20 0 1 1 31 6 44 15 8 0 3 
11 2 0 0 20 0 1 1 31 6 84 15 8 0 3 
10 2 0 1 20 0 1 2 23 6 44 15 8 0 3 
10 2 0 1 14 0 1 2 23 6 44 15 8 0 3 
10 2 0 1 14 0 1 2 23 11 44 15 8 0 3 
10 2 0 1 14 0 1 2 23 11 99 15 8 0 3 
10 2 0 1 14 0 1 2 23 11 93 15 8 0 3 
0 2 0 1 14 0 1 2 23 11 44 15 8 0 3 
0 2 0 1 14 0 1 2 23 11 44 15 -1 0 3 
0 2 0 1 14 0 1 2 29 11 44 15 -1 0 3 
0 2 0 1 14 0 1 2 29 11 99 15 -1 0 3 
0 2 0 1 14 0 1 2 23 11 82 15 -1 0 3 
0 2 0 1 14 0 1 0 23 11 44 15 8 0 3 
10 2 0 0 20 0 1 1 23 6 72 14 8 0 3 
10 2 0 0 20 0 1 1 23 6 72 14 16 0 3 
10 2 0 0 20 0 1 1 23 6 72 56 16 0 3 
10 2 2 0 20 0 1 1 23 6 72 56 16 0 3 
10 0 0 0 20 0 1 1 22 6 72 14 8 0 3 
10 0 0 0 20 0 1 1 22 6 68 14 8 0 3 
10 2 1 0 20 0 1 1 31 6 44 15 8 0 3 
10 2 1 0 20 1 1 1 31 6 44 15 8 0 3 
10 2 1 0 20 0 1 1 31 6 36 15 8 0 3 
0 2 1 0 20 0 1 1 31 6 36 15 8 0 3 
6 2 0 1 20 0 1 2 23 6 44 15 8 0 3 
6 2 0 1 20 0 1 2 23 6 34 15 8 0 3 
6 2 2 1 20 0 1 2 23 6 34 15 8 0 3 
6 2 2 1 20 0 1 2 23 6 34 15 -1 0 3 
6 2 2 1 20 0 1 2 29 6 34 15 -1 0 3 
6 2 0 1 20 0 1 2 23 6 34 15 8 0 0 
6 2 0 1 20 0 1 2 23 6 99 15 8 0 0 
6 2 0 1 28 0 1 2 23 6 34 15 8 0 0 
6 2 0 1 28 1 1 2 23 6 34 15 8 0 0 
6 2 0 1 28 1 1 2 23 6 78 15 8 0 0 
6 2 0 1 28 1 1 2 1 6 78 15 8 0 0 
1 2 0 1 28 1 1 2 23 6 78 15 8 0 0 
0 2 0 1 28 1 1 2 23 6 78 15 8 0 0 
0 2 0 1 28 1 1 2 23 6 78 15 8 0 3 
0 2 0 1 178 1 1 2 23 6 78 15 8 0 3 
1 2 0 1 28 1 1 2 23 6 84 15 8 0 0 
1 2 0 1 179 1 1 2 23 6 84 15 8 0 0 
1 2 0 1 179 1 1 2 23 6 84 15 -1 0 0 
2 2 0 1 28 1 1 2 23 6 84 15 8 0 0 
2 2 0 1 28 1 1 2 1 6 84 15 8 0 0 
2 2 0 1 28 1 1 0 23 6 84 15 8 0 0 
2 2 0 1 28 1 1 0 23 6 84 15 5 0 0 
2 2 0 1 24 1 1 0 23 6 84 15 5 0 0 
2 2 0 1 36 1 1 0 23 6 84 15 5 0 0 
2 2 0 1 36 1 1 0 23 11 84 15 5 0 0 
2 2 0 1 36 1 1 0 23 0 84 15 5 0 0 
2 2 0 1 162 1 1 0 23 0 84 15 5 0 0 
1 2 0 1 162 1 1 0 23 0 84 15 5 0 0 
2 2 0 1 36 1 1 0 23 8 84 15 5 0 0 
2 2 0 1 36 1 1 0 23 8 97 15 5 0 0 
6 2 0 0 28 1 1 2 23 6 78 15 8 0 0 
6 2 0 0 28 1 1 2 23 6 78 15 -1 0 0 
6 2 0 0 179 1 1 2 23 6 78 15 8 0 0 
6 2 0 0 179 1 1 2 23 6 78 15 -1 0 0 
6 2 0 0 28 1 1 2 21 6 78 15 8 0 0 
6 2 0 0 28 1 1 2 21 6 78 7 8 0 0 
6 2 0 0 115 1 1 2 21 6 78 7 8 0 0 
6 2 0 0 115 1 1 2 21 6 78 60 8 0 0 
6 2 0 0 115 1 1 2 21 6 96 60 8 0 0 
1 2 0 1 162 1 1 0 23 0 84 15 -1 0 0 
11 2 0 0 20 0 1 1 31 6 70 15 8 0 3 
11 2 0 0 20 0 1 1 31 6 70 15 14 0 3 
11 2 0 0 20 0 1 1 31 6 48 15 8 0 3 
11 2 0 1 20 0 1 1 31 6 48 15 8 0 3 
11 2 0 1 2 0 1 1 31 6 48 15 8 0 3 
11 2 0 1 2 0 1 1 23 6 48 15 8 0 3 
0 2 0 1 2 0 1 1 23 6 48 15 8 0 3 
0 2 0 1 2 0 1 1 23 6 46 15 8 0 3 
0 2 0 1 2 0 1 1 23 6 44 15 8 0 3 
0 2 0 1 2 0 1 1 23 6 99 15 8 0 3 
0 2 0 1 2 0 1 1 23 0 44 15 8 0 3 
0 2 0 1 0 0 1 1 23 0 44 15 8 0 3 
0 0 0 1 0 0 1 1 23 0 44 15 8 0 3 
2 2 0 1 28 1 1 2 23 6 82 15 8 0 0 
2 2 0 1 28 1 1 2 23 6 82 15 -1 0 0 
2 2 0 1 28 0 1 2 23 6 82 15 8 0 0 
2 2 0 1 28 0 1 2 27 6 82 15 8 0 0 
2 2 0 1 179 0 1 2 27 6 82 15 8 0 0 
2 2 0 1 179 0 1 2 27 6 82 15 -1 0 0 
2 2 0 1 82 1 1 2 23 6 82 15 8 0 0 
2 2 0 1 82 1 1 2 23 6 82 1 8 0 0 
2 2 0 1 82 1 1 2 23 9 82 1 8 0 0 
0 2 0 1 82 1 1 2 23 9 82 1 8 0 0 
0 2 0 1 82 1 1 2 23 9 82 1 -1 0 0 
0 2 0 1 82 0 1 2 23 9 82 1 -1 0 0 
0 2 0 1 82 1 1 2 23 0 82 1 8 0 0 
0 2 0 1 82 1 1 2 23 6 82 1 8 0 0 
0 2 0 1 82 1 1 2 23 6 82 1 5 0 0 
0 2 0 1 82 1 1 2 23 6 88 1 5 0 0 
2 2 0 1 82 1 1 2 23 6 82 15 -1 0 0 
2 2 0 1 147 1 1 2 23 6 82 15 -1 0 0 
2 2 0 1 147 1 1 2 28 6 82 15 -1 0 0 
2 2 0 1 147 1 1 2 28 6 82 1 -1 0 0 
0 2 0 1 2 0 1 1 21 6 46 15 8 0 3 
0 0 0 1 2 0 1 1 21 6 46 15 8 0 3 
0 0 0 1 2 0 1 1 21 6 46 15 2 0 3 
10 2 0 0 20 0 1 1 23 6 70 14 8 0 3 
10 2 0 0 20 0 1 1 23 6 83 14 8 0 3 
10 2 0 0 20 0 1 1 23 6 36 14 8 0 3 
10 2 0 0 20 0 1 1 23 6 34 14 8 0 3 
10 2 0 0 20 1 1 1 23 6 72 14 8 0 3 
10 2 0 0 20 1 1 1 23 6 97 14 8 0 3 
10 2 0 0 20 1 1 1 23 6 97 14 -1 0 3 
0 2 0 0 20 1 1 1 23 6 97 14 -1 0 3 
10 2 0 0 20 0 1 1 23 6 34 14 -1 0 3 
10 2 0 0 20 0 1 1 23 6 99 14 -1 0 3 
10 2 0 0 20 0 1 1 23 6 83 1 8 0 3 
10 2 0 0 -20 0 1 1 23 6 83 1 8 0 3 
10 2 0 0 -20 0 1 1 23 6 70 1 8 0 3 
10 2 0 0 20 1 1 1 23 6 72 30 8 0 3 
0 2 0 0 20 0 1 1 23 6 36 14 8 0 3 
0 2 0 0 10 0 1 1 23 6 36 14 8 0 3 
0 2 0 0 10 0 1 2 23 6 36 14 8 0 3 
0 2 0 0 10 0 1 2 23 6 36 14 8 1 3 
0 2 0 0 10 0 1 2 23 6 76 14 8 0 3 
0 2 0 0 179 0 1 2 23 6 76 14 8 0 3 
10 2 0 0 20 0 1 1 23 6 84 14 8 0 3 
10 2 0 0 20 0 1 1 23 6 84 1 8 0 3 
10 2 0 0 20 0 1 1 23 6 84 1 8 1 3 
10 0 0 0 20 0 1 1 23 6 84 1 8 1 3 
10 0 0 0 178 0 1 1 23 6 84 1 8 1 3 
10 2 0 0 20 0 1 1 23 6 72 1 8 1 3 
10 2 0 0 20 0 1 1 23 6 91 1 8 1 3 
10 2 0 0 176 0 1 1 23 6 91 1 8 1 3 
0 2 0 0 20 1 1 1 23 6 72 30 8 0 3 
0 2 0 0 20 1 1 1 1 6 72 30 8 0 3 
0 0 0 0 20 1 1 1 1 6 72 30 8 0 3 
3 2 0 0 20 1 1 1 23 6 72 30 8 0 3 
3 2 0 0 20 1 1 1 23 6 98 30 8 0 3 
3 2 0 0 20 1 1 1 29 6 98 30 8 0 3 
3 0 0 0 20 1 1 1 23 6 98 30 8 0 3 
10 2 0 0 176 1 1 1 23 6 72 30 8 0 3 
0 2 0 0 20 0 1 1 23 6 70 14 8 0 3 
0 2 0 0 20 0 1 1 23 6 70 14 14 0 3 
0 2 0 0 20 0 1 1 23 0 70 14 14 0 3 
0 2 0 0 20 0 1 1 23 6 44 14 14 0 3 
0 2 0 0 20 0 1 1 23 6 44 14 14 0 0 
0 2 0 1 20 0 1 1 23 6 44 14 14 0 3 
0 2 0 1 49 0 1 1 23 6 44 14 14 0 3 
0 2 0 1 49 0 1 1 27 6 44 14 14 0 3 
0 2 0 1 49 0 1 1 23 6 40 14 14 0 3 
0 2 0 1 49 0 1 1 23 6 40 14 14 0 0 
0 2 0 0 20 0 1 1 1 6 70 14 8 0 3 
0 2 0 0 20 0 1 1 1 6 70 14 5 0 3 
0 2 0 0 20 0 1 1 1 6 80 14 8 0 3 
0 2 0 1 20 0 1 1 23 6 44 14 13 0 3 
0 2 0 0 20 0 1 1 23 6 44 26 14 0 3 
0 2 0 0 20 0 1 1 23 6 44 26 14 1 3 
0 0 0 0 20 0 1 1 23 6 70 14 14 0 3 
0 2 0 0 20 0 1 1 6 6 44 14 14 0 3 
0 2 0 0 20 0 1 1 6 10 44 14 14 0 3 
0 2 0 0 20 0 1 1 6 10 97 14 14 0 3 
0 2 0 0 20 0 1 1 6 10 91 14 14 0 3 
0 2 0 0 20 0 1 1 6 10 40 14 14 0 3 
10 2 0 0 20 0 1 1 23 6 88 14 8 0 3 
10 2 0 0 20 0 1 1 23 6 88 14 8 0 0 
10 2 0 0 20 0 1 1 11 6 88 14 8 0 3 
0 2 0 0 20 0 1 1 1 6 73 14 5 0 3 
0 2 0 0 20 0 1 1 1 6 87 14 5 0 3 
0 2 0 1 20 0 1 1 23 0 44 14 14 0 3 
0 0 0 1 20 0 1 1 23 0 44 14 14 0 3 
0 2 0 1 20 0 1 1 21 0 44 14 14 0 3 
0 2 0 1 20 0 1 1 21 0 95 14 14 0 3 
0 2 0 1 20 0 1 1 21 0 86 14 14 0 3 
0 2 0 1 20 0 1 1 21 0 44 14 -1 0 3 
0 0 0 1 20 0 1 1 21 0 44 14 -1 0 3 
0 0 0 1 20 0 1 1 21 0 10 14 -1 0 3 
0 0 0 1 20 0 1 1 21 0 76 14 -1 0 3 
0 2 0 1 20 0 1 1 21 0 95 14 14 0 0 
0 2 0 1 20 0 1 1 21 0 86 14 16 0 3 
10 2 0 0 20 0 1 1 23 6 32 14 8 0 3 
10 0 0 0 20 0 1 1 23 6 32 14 8 0 3 
10 0 0 0 20 0 1 1 23 11 32 14 8 0 3 
10 2 0 0 20 0 0 1 23 6 32 14 8 0 3 
10 0 0 0 20 0 1 1 21 6 84 1 8 1 3 
11 2 0 0 10 0 1 2 23 6 36 14 8 1 3 
10 0 0 0 20 0 0 1 23 6 32 14 8 0 3 
10 0 0 0 20 0 0 1 23 6 30 14 8 0 3 
0 0 0 0 20 0 0 1 23 6 30 14 8 0 3 
0 0 0 0 20 0 0 1 23 6 84 14 8 0 3 
0 0 0 0 20 0 0 1 23 6 48 14 8 0 3 
10 0 0 0 20 0 0 0 23 6 30 14 8 0 3 
10 0 0 0 20 0 0 0 23 6 30 14 5 0 3 
10 0 0 0 20 0 0 0 23 6 92 14 5 0 3 
10 0 0 0 20 0 0 0 9 6 92 14 5 0 3 
11 0 0 0 20 0 0 0 9 6 92 14 5 0 3 
11 0 0 0 20 0 0 0 9 6 92 1 5 0 3 
0 0 0 0 20 0 1 1 23 6 30 14 8 0 3 
0 0 0 0 20 1 1 1 23 6 30 14 8 0 3 
0 0 0 0 20 1 1 2 23 6 30 14 8 0 3 
0 2 0 0 20 1 1 2 23 6 30 14 8 0 3 
7 0 0 0 20 1 1 1 23 6 30 14 8 0 3 
11 0 0 0 20 1 0 0 9 6 92 14 5 0 3 
11 0 0 0 20 1 0 0 9 0 92 14 5 0 3 
11 0 0 0 20 1 0 0 9 0 72 14 5 0 3 
11 2 0 0 20 1 0 0 9 0 72 14 5 0 3 
0 2 1 0 20 1 1 2 23 6 30 14 8 0 3 
0 2 1 0 20 1 1 2 23 6 30 13 8 0 3 
0 2 1 0 20 1 1 2 23 6 84 13 8 0 3 
11 2 1 0 20 1 1 2 23 6 84 13 8 0 3 
11 0 1 0 20 1 0 0 9 0 92 14 5 0 3 
11 0 1 0 20 1 0 0 9 0 92 1 5 0 3 
11 2 1 0 20 1 1 2 23 6 84 13 8 0 0 
11 2 1 0 20 1 1 2 23 6 98 13 8 0 0 
11 2 1 0 20 1 1 2 23 6 84 28 8 0 3 
11 2 1 0 20 1 1 2 23 9 84 28 8 0 3 
10 0 0 0 20 0 0 1 9 6 92 14 5 0 3 
10 1 0 0 20 0 0 1 9 6 92 14 5 0 3 
10 0 0 0 20 0 0 1 9 6 88 14 5 0 3 
10 0 0 0 20 0 0 1 9 10 88 14 5 0 3 
10 0 0 0 20 0 0 1 9 6 88 32 5 0 3 
10 0 0 0 20 0 0 1 14 6 88 32 5 0 3 
10 0 0 0 20 0 0 1 14 6 88 32 -1 0 3 
10 0 0 0 20 0 0 1 14 6 95 32 -1 0 3 
10 0 0 0 20 0 0 1 14 6 84 32 5 0 3 
10 0 0 0 20 0 0 1 14 6 84 32 6 0 3 
10 0 0 0 20 0 0 1 14 6 91 32 5 0 3 
10 0 0 0 20 0 0 1 5 6 91 32 5 0 3 
10 0 0 0 20 0 0 1 5 6 48 32 5 0 3 
10 0 0 0 20 0 0 1 1 6 48 32 5 0 3 
10 0 0 0 20 0 0 1 30 6 48 32 5 0 3 
10 0 0 0 20 0 0 1 30 6 42 32 5 0 3 
10 0 0 0 20 0 0 1 9 10 70 14 5 0 3 
10 0 0 0 20 0 0 1 27 10 70 14 5 0 3 
10 1 0 0 20 0 0 1 23 6 30 14 8 0 3 
10 1 0 0 20 0 0 1 23 0 30 14 8 0 3 
10 1 0 0 20 0 0 1 23 3 30 14 8 0 3 
10 1 0 0 20 0 0 1 23 3 30 14 -1 0 3 
10 1 0 0 20 0 0 1 23 3 78 14 -1 0 3 
10 1 0 0 20 0 0 1 23 3 30 16 8 0 3 
10 1 0 0 20 0 0 1 23 3 30 24 8 0 3 
10 1 0 0 20 0 0 1 23 3 90 24 8 0 3 
10 1 1 0 20 0 0 1 23 3 30 16 8 0 3 
10 1 1 0 20 0 1 1 23 3 30 16 8 0 3 
10 1 1 0 20 0 1 1 23 3 30 16 -1 0 3 
10 1 1 0 20 0 1 1 23 11 30 16 -1 0 3 
10 1 1 0 20 0 1 1 23 11 30 1 -1 0 3 
10 1 1 0 20 0 1 1 23 11 8 1 -1 0 3 
10 1 1 0 20 0 1 1 23 11 98 16 -1 0 3 
10 0 1 0 20 0 1 1 23 11 98 16 -1 0 3 
10 1 1 0 20 0 0 1 23 3 30 16 -1 0 3 
10 1 1 0 20 0 0 1 23 3 97 16 -1 0 3 
10 1 1 0 20 1 0 1 23 3 97 16 -1 0 3 
10 1 1 0 20 1 0 0 23 3 97 16 -1 0 3 
10 1 1 0 20 1 0 0 30 3 97 16 -1 0 3 
10 1 1 0 20 0 0 1 23 3 30 16 11 0 3 
10 1 0 0 20 0 0 1 23 3 30 16 11 0 3 
10 1 0 0 20 0 0 1 30 3 30 16 11 0 3 
10 1 0 0 20 0 0 1 30 3 24 16 11 0 3 
10 1 1 0 20 0 1 1 23 3 30 16 11 0 3 
10 1 0 0 20 0 1 1 30 3 30 16 11 0 3 
0 1 1 0 20 0 1 1 23 3 30 16 11 0 3 
0 2 0 0 20 1 1 2 21 6 30 14 8 0 3 
0 2 0 0 20 1 1 2 21 6 51 14 8 0 3 
0 2 0 0 20 1 1 2 21 6 76 14 8 0 3 
0 2 0 0 20 1 1 2 21 6 72 14 8 0 3 
0 2 0 0 20 1 1 2 21 6 90 14 8 0 3 
0 2 0 0 20 1 1 2 21 0 90 14 8 0 3 
0 2 0 0 20 1 1 2 21 8 51 14 8 0 3 
0 0 0 0 20 1 1 2 21 8 51 14 8 0 3 
0 0 0 0 20 1 1 2 21 8 50 14 8 0 3 
0 0 0 0 20 1 1 2 21 8 48 14 8 0 3 
0 0 0 0 24 1 1 2 21 8 48 14 8 0 3 
0 1 0 0 24 1 1 2 21 8 48 14 8 0 3 
0 1 0 0 24 1 1 2 30 8 48 14 8 0 3 
0 2 1 0 20 1 1 2 21 8 51 14 8 0 3 
0 2 1 0 20 1 1 2 21 8 98 14 8 0 3 
0 2 1 0 20 1 1 2 21 8 44 14 8 0 3 
0 0 1 0 20 1 1 2 21 8 98 14 8 0 3 
0 2 1 0 20 1 1 2 21 8 51 14 -1 0 3 
0 0 1 0 20 1 1 2 21 8 51 14 -1 0 3 
0 2 1 0 20 1 1 2 21 0 51 14 8 0 3 
0 2 1 0 20 1 1 2 21 0 49 14 8 0 3 
0 2 1 0 20 1 1 2 21 8 44 14 -1 0 3 
0 2 1 0 20 1 1 2 21 8 44 14 1 0 3 
0 2 1 0 20 1 1 2 21 0 16 14 8 0 3 
0 2 1 0 20 1 1 2 21 0 16 14 -1 0 3 
0 2 1 0 20 1 1 0 21 0 16 14 -1 0 3 
0 2 1 0 20 1 1 0 21 0 16 1 -1 0 3 
0 2 1 0 20 1 1 2 21 0 16 14 7 0 3 
0 2 1 0 20 1 1 2 21 8 96 14 8 0 3 
0 2 1 0 20 1 1 0 15 0 16 14 -1 0 3 
0 2 3 0 20 1 1 0 15 0 16 14 -1 0 3 
0 0 3 0 20 1 1 0 15 0 16 14 -1 0 3 
0 1 0 0 24 1 1 2 21 8 87 14 8 0 3 
0 0 0 0 24 1 1 2 21 8 87 14 8 0 3 
0 0 0 0 20 1 1 2 21 8 48 14 8 0 0 
0 2 1 0 20 1 1 2 21 0 51 14 8 0 0 
0 2 1 0 20 1 1 2 31 0 51 14 8 0 0 
0 2 1 0 20 1 1 2 31 0 51 14 16 0 0 
2 2 1 0 20 1 1 2 31 0 51 14 8 0 0 
0 0 0 0 24 1 1 2 21 8 87 6 8 0 3 
0 0 0 0 116 1 1 2 21 8 87 6 8 0 3 
0 0 0 0 116 1 1 2 21 8 87 6 20 0 3 
0 0 0 0 116 1 1 2 21 8 87 6 20 0 0 
0 0 0 0 116 1 1 2 21 8 87 6 -1 0 0 
0 0 0 0 -20 1 1 2 21 8 87 6 -1 0 0 
0 0 0 0 -20 1 1 0 21 8 87 6 -1 0 0 
0 0 0 0 -20 0 1 0 21 8 87 6 -1 0 0 
0 0 0 0 -20 0 1 0 21 8 79 6 -1 0 0 
0 0 0 0 -20 0 1 0 21 8 79 1 -1 0 0 
0 0 0 0 -20 0 1 0 31 8 79 6 -1 0 0 
0 0 0 0 -20 0 1 0 31 8 72 6 -1 0 0 
0 0 0 0 -20 0 1 0 31 8 98 6 -1 0 0 
0 0 0 0 116 1 1 0 21 8 87 6 20 0 0 
0 0 0 0 116 1 1 0 21 8 87 6 -1 0 0 
0 0 0 0 116 1 1 0 21 8 92 6 20 0 0 
0 0 0 0 116 1 1 0 21 8 92 26 20 0 0 
0 0 0 0 116 1 1 0 21 8 98 26 20 0 0 
0 0 1 0 116 1 1 0 21 8 92 6 20 0 0 
10 0 0 1 20 0 0 1 9 10 70 14 5 0 3 
10 0 0 0 20 0 0 1 1 6 48 32 7 0 3 
10 0 0 0 20 0 0 1 1 6 71 32 7 0 3 
10 0 0 0 20 0 0 1 30 6 42 32 7 0 3 
10 0 0 0 20 0 0 1 30 7 42 32 7 0 3 
10 0 0 0 20 0 0 1 30 7 96 32 7 0 3 
10 0 0 0 20 0 0 1 30 7 44 32 7 0 3 
10 0 0 0 20 0 0 1 30 7 42 21 7 0 3 
10 0 0 0 20 0 0 1 30 6 42 32 14 0 3 
10 1 0 0 20 0 0 1 30 7 42 32 7 0 3 
10 1 0 0 20 0 0 1 1 7 42 32 7 0 3 
10 1 0 0 20 0 0 1 1 7 59 32 7 0 3 
10 1 0 0 20 0 0 1 1 7 68 32 7 0 3 
10 1 0 0 20 0 0 1 30 7 68 32 7 0 3 
10 1 0 0 20 0 0 1 30 7 68 32 -1 0 3 
10 1 1 0 20 0 0 1 1 7 68 32 7 0 3 
10 1 0 0 20 0 0 1 30 7 60 32 7 0 3 
10 1 0 0 20 0 0 1 30 7 92 32 7 0 3 
10 2 0 0 20 0 0 1 30 7 92 32 7 0 3 
10 2 0 0 -15 0 0 1 30 7 92 32 7 0 3 
10 2 0 0 -15 0 0 1 30 7 95 32 7 0 3 
10 2 0 0 -15 1 0 1 30 7 95 32 7 0 3 
10 2 0 0 -15 1 0 1 30 7 97 32 7 0 3 
10 2 0 0 -15 1 0 1 30 7 95 1 7 0 3 
10 2 0 0 -15 1 0 2 30 7 95 1 7 0 3 
10 1 0 0 20 0 0 1 30 7 68 32 3 0 3 
10 1 2 0 20 0 0 1 30 7 68 32 3 0 3 
10 1 2 0 20 0 0 1 30 7 91 32 3 0 3 
0 1 0 0 20 0 0 1 30 7 68 32 3 0 3 
10 1 2 0 20 0 0 1 30 7 91 32 3 1 3 
10 1 2 0 20 0 0 1 30 7 91 1 3 1 3 
10 1 2 0 20 0 0 1 30 11 91 1 3 1 3 
10 1 2 0 20 0 0 1 30 7 56 32 3 0 3 
10 1 2 0 113 0 0 1 30 7 56 32 3 0 3 
10 1 2 0 113 0 0 1 30 7 71 32 3 0 3 
10 1 3 0 113 0 0 1 30 7 71 32 3 0 3 
10 2 3 0 113 0 0 1 30 7 71 32 3 0 3 
10 2 3 0 113 0 0 1 30 7 84 32 3 0 3 
10 1 2 0 20 0 0 1 25 7 56 32 3 0 3 
10 2 0 0 20 0 1 1 23 6 83 14 8 0 0 
10 2 0 0 20 0 1 1 21 6 83 14 8 0 0 
10 2 0 0 50 0 1 1 21 6 83 14 8 0 0 
0 0 0 0 20 0 0 1 21 6 48 14 8 0 3 
0 0 0 0 20 0 0 1 1 6 48 14 8 0 3 
10 2 0 0 20 0 0 1 30 7 92 32 8 0 3 
10 2 0 0 179 0 0 1 30 7 92 32 8 0 3 
0 2 0 0 179 0 0 1 30 7 92 32 8 0 3 
3 0 0 0 20 0 0 1 23 6 30 14 8 0 3 
4 0 0 0 20 0 0 1 23 6 30 14 8 0 3 
4 0 0 0 24 0 0 1 23 6 30 14 8 0 3 
4 0 0 0 20 0 0 1 23 6 30 14 8 1 3 
4 0 0 0 24 0 0 1 23 6 40 14 8 0 3 
10 2 1 0 20 0 1 1 23 6 32 14 8 0 3 
10 2 1 0 69 0 1 1 23 6 32 14 8 0 3 
0 2 1 0 20 0 1 1 23 6 32 14 8 0 3 
0 0 1 0 20 0 1 1 23 6 32 14 8 0 3 
0 0 2 0 20 0 1 1 23 6 32 14 8 0 3 
0 0 2 0 20 1 1 1 23 6 32 14 8 0 3 
0 0 2 0 20 1 1 1 23 6 32 14 -1 0 3 
0 0 2 0 20 1 1 1 1 6 32 14 8 0 3 
0 0 2 0 20 1 1 1 1 6 32 14 -1 0 3 
0 0 2 0 20 0 1 1 1 6 32 14 -1 0 3 
0 2 2 0 20 0 1 1 1 6 32 14 -1 0 3 
0 2 2 0 20 1 1 1 1 6 32 14 -1 0 3 
0 2 2 0 20 1 1 1 1 0 32 14 -1 0 3 
0 0 2 0 20 0 1 1 1 6 32 14 8 0 3 
0 0 2 1 20 0 1 1 1 6 32 14 -1 0 3 
3 2 1 0 20 0 1 1 23 6 32 14 8 0 3 
0 0 2 0 20 1 1 1 23 7 32 14 8 0 3 
0 0 2 0 20 0 1 1 23 7 32 14 8 0 3 
0 0 2 0 20 0 1 1 23 7 32 14 -1 0 3 
0 0 2 0 20 0 1 1 23 7 32 14 11 0 3 
0 0 2 0 20 0 1 1 23 7 32 14 14 0 3 
0 0 2 0 20 1 1 1 23 6 98 14 8 0 3 
0 0 2 0 20 1 1 1 1 6 32 14 4 0 3 
0 0 2 0 20 0 1 1 31 7 32 14 -1 0 3 
0 1 2 0 20 0 1 1 31 7 32 14 -1 0 3 
0 0 1 0 20 0 1 1 23 6 32 14 16 0 3 
11 0 2 0 20 0 1 1 23 6 32 14 8 0 3 
11 0 2 0 20 0 1 2 23 6 32 14 8 0 3 
0 0 2 0 20 1 1 1 23 6 32 14 8 0 0 
0 0 2 0 28 0 1 1 23 7 32 14 8 0 3 
7 0 2 0 28 0 1 1 23 7 32 14 8 0 3 
7 0 2 0 28 0 1 1 21 7 32 14 8 0 3 
10 0 0 1 175 0 0 1 9 10 70 14 5 0 3 
10 0 0 1 175 0 0 1 9 10 88 14 5 0 3 
10 0 0 1 175 0 0 1 9 10 72 14 5 0 3 
10 0 0 1 175 0 0 1 9 10 90 14 5 0 3 
10 0 0 1 175 1 0 1 9 10 72 14 5 0 3 
10 0 0 1 175 1 1 1 9 10 72 14 5 0 3 
11 1 2 0 20 0 1 1 23 6 32 14 8 0 3 
11 1 2 0 20 0 1 1 23 8 32 14 8 0 3 
0 2 1 0 20 1 1 2 21 8 44 14 8 0 0 
0 2 3 0 113 0 0 1 30 7 84 32 3 0 3 
0 2 3 0 113 0 0 1 30 7 66 32 3 0 3 
0 2 3 0 113 0 0 1 30 7 82 32 3 0 3 
10 0 0 0 20 0 0 1 5 6 91 32 7 0 3 
10 0 0 0 20 0 0 1 30 6 91 32 7 0 3 
10 0 0 0 20 1 0 1 30 6 91 32 7 0 3 
10 0 0 0 20 1 0 1 30 6 91 32 -1 0 3 
10 0 0 0 -6 1 0 1 30 6 91 32 7 0 3 
10 0 0 0 -6 1 1 1 30 6 91 32 7 0 3 
10 0 0 0 -6 1 1 1 30 6 91 25 7 0 3 
10 0 0 0 -6 1 1 1 30 6 94 25 7 0 3 
10 0 0 0 -6 1 1 1 30 6 86 25 7 0 3 
10 0 0 0 -6 1 1 1 30 6 86 25 -1 0 3 
