1 0 2 1 160 0 0 0 1 4 75 18 13 0 2 
7 1 3 1 161 0 1 0 11 2 78 11 1 1 3 
7 1 3 0 161 0 1 0 11 2 78 11 1 1 3 
7 1 3 1 161 0 1 0 11 2 78 11 1 0 3 
7 1 0 0 161 0 1 0 11 2 78 11 1 1 3 
7 1 0 0 161 0 1 0 23 2 78 11 1 1 3 
7 1 0 0 161 0 1 0 15 2 78 11 1 1 3 
7 1 0 0 161 0 1 0 15 2 46 11 1 1 3 
7 1 0 0 161 0 1 0 15 2 44 11 1 1 3 
7 1 0 0 161 0 1 0 15 2 88 11 1 1 3 
7 1 1 0 161 0 1 0 15 2 46 11 1 1 3 
7 1 0 0 161 1 1 0 15 2 46 11 1 1 3 
0 1 0 0 161 1 1 0 15 2 46 11 1 1 3 
0 1 0 0 161 1 1 0 29 2 46 11 1 1 3 
0 1 0 0 161 1 1 0 1 2 46 11 1 1 3 
0 1 0 0 161 1 1 0 1 2 46 11 -1 1 3 
7 1 0 0 161 1 1 0 15 0 46 11 1 1 3 
0 1 0 0 161 1 1 0 1 2 44 11 1 1 3 
7 1 0 0 161 1 1 0 13 0 46 11 1 1 3 
7 1 0 0 161 1 1 0 13 0 99 11 1 1 3 
7 0 0 0 161 1 1 0 13 0 99 11 1 1 3 
7 1 0 0 150 0 1 0 23 2 78 11 1 1 3 
7 1 0 0 150 0 1 0 28 2 78 11 1 1 3 
0 1 0 0 161 1 1 2 15 2 46 11 1 1 3 
0 1 0 0 161 1 1 2 15 0 46 11 1 1 3 
0 1 0 0 161 1 1 2 15 0 81 11 1 1 3 
0 1 0 0 161 1 1 2 15 0 81 11 -1 1 3 
0 1 0 0 161 1 1 2 15 0 48 11 -1 1 3 
0 0 0 0 161 1 1 2 15 0 48 11 -1 1 3 
0 1 0 0 161 1 1 2 27 2 46 11 1 1 3 
0 1 0 0 161 1 1 2 27 2 46 1 1 1 3 
0 1 0 0 161 1 1 0 29 2 84 11 1 1 3 
0 1 0 0 161 1 1 0 29 2 74 11 1 1 3 
7 1 0 0 150 0 1 0 28 2 81 11 1 1 3 
7 1 0 0 150 0 1 0 31 2 81 11 1 1 3 
7 1 0 0 150 0 1 0 31 2 92 11 1 1 3 
0 1 0 0 161 1 1 0 29 2 74 1 1 1 3 
0 1 1 0 161 1 1 2 15 0 81 11 -1 1 3 
0 1 0 0 161 1 1 0 29 2 81 11 1 1 3 
0 1 0 0 140 1 1 0 29 2 81 11 1 1 3 
0 1 0 0 140 1 1 0 29 2 94 11 1 1 3 
0 1 0 0 161 1 1 0 1 4 46 11 -1 1 3 
7 1 3 1 161 0 1 0 11 2 78 11 1 1 0 
0 1 0 0 156 1 1 2 15 0 46 11 1 1 3 
0 1 0 0 156 0 1 2 15 0 46 11 1 1 3 
0 2 0 0 156 0 1 2 15 0 46 11 1 1 3 
0 1 0 0 148 0 1 2 15 0 46 11 1 1 3 
0 1 0 0 179 0 1 2 15 0 46 11 1 1 3 
11 1 0 0 156 1 1 2 15 0 46 11 1 1 3 
11 1 0 0 161 1 1 0 1 2 46 11 1 1 3 
7 1 0 0 33 0 1 0 15 2 44 11 1 1 3 
7 1 0 0 168 0 1 0 15 2 44 11 1 1 3 
7 1 0 0 33 0 1 0 30 2 44 11 1 1 3 
7 1 0 0 33 0 1 0 30 3 44 11 1 1 3 
7 1 0 0 179 0 1 0 30 3 44 11 1 1 3 
7 1 0 0 179 0 1 0 30 3 91 11 1 1 3 
7 1 0 0 179 0 1 0 30 3 96 11 1 1 3 
11 1 0 0 179 0 1 0 30 3 96 11 1 1 3 
11 1 0 0 179 0 1 0 30 0 96 11 1 1 3 
11 1 0 0 -4 0 1 0 30 0 96 11 1 1 3 
11 0 0 0 -4 0 1 0 30 0 96 11 1 1 3 
7 1 0 0 179 0 1 0 30 0 91 11 1 1 3 
7 1 0 0 34 0 1 0 30 3 96 11 1 1 3 
7 1 0 0 179 0 1 0 23 3 91 11 1 1 3 
7 1 0 0 179 0 1 0 23 3 94 11 1 1 3 
7 1 0 0 179 0 1 0 23 3 97 11 1 1 3 
0 1 0 0 179 0 1 0 23 3 97 11 1 1 3 
7 1 0 0 179 0 1 0 1 3 97 11 1 1 3 
7 1 0 0 179 0 1 0 1 7 97 11 1 1 3 
7 1 0 0 179 0 1 0 23 3 88 11 1 1 3 
7 1 0 0 179 0 1 0 23 3 52 11 1 1 3 
7 1 0 0 179 0 1 0 23 3 72 11 1 1 3 
7 1 1 0 161 0 1 0 15 2 46 11 2 1 3 
7 1 1 0 161 1 1 0 15 2 46 11 2 1 3 
7 1 1 0 161 1 1 0 15 2 97 11 2 1 3 
7 1 1 0 161 1 1 0 15 2 46 11 -1 1 3 
7 1 1 0 161 1 1 0 15 2 90 11 -1 1 3 
7 1 1 0 -10 1 1 0 15 2 46 11 2 1 3 
7 1 1 0 -10 1 1 0 15 2 46 11 -1 1 3 
7 1 0 0 179 0 1 0 23 3 72 12 1 1 3 
7 1 0 0 179 0 1 0 23 3 98 12 1 1 3 
7 1 0 0 179 0 1 0 23 3 89 12 1 1 3 
7 1 0 0 179 0 1 0 23 3 40 12 1 1 3 
7 1 0 0 179 0 1 0 23 3 89 1 1 1 3 
7 1 0 0 178 0 1 0 23 3 72 12 1 1 3 
10 1 0 0 161 1 1 0 1 2 46 11 1 1 3 
10 0 0 0 161 1 1 0 1 2 46 11 1 1 3 
0 1 0 0 161 1 1 0 1 4 46 11 1 1 3 
0 0 0 0 161 1 1 2 15 0 48 11 1 1 3 
0 0 0 0 161 1 1 2 15 0 48 11 2 1 3 
0 0 0 0 161 1 1 2 15 0 88 11 2 1 3 
7 0 0 0 161 1 1 2 15 0 88 11 2 1 3 
7 0 0 0 161 1 1 2 15 0 92 11 2 1 3 
7 0 0 0 161 1 0 2 15 0 92 11 2 1 3 
7 0 0 0 161 1 0 0 15 0 92 11 2 1 3 
0 0 0 0 161 1 1 2 15 0 42 11 2 1 3 
7 0 0 0 161 1 1 2 15 4 88 11 2 1 3 
7 0 0 0 161 1 1 2 15 4 99 11 2 1 3 
7 0 0 0 161 1 1 2 15 0 80 11 2 1 3 
7 0 0 0 161 1 1 2 15 0 80 11 8 1 3 
7 0 0 0 161 1 1 2 15 0 91 11 8 1 3 
7 0 0 0 28 1 1 2 15 0 80 11 8 1 3 
7 0 0 0 114 1 1 2 15 0 80 11 8 1 3 
7 0 0 0 114 1 1 2 15 4 80 11 8 1 3 
7 0 0 0 161 1 1 0 15 0 91 11 8 1 3 
7 0 0 0 161 1 1 0 13 0 91 11 8 1 3 
7 0 0 0 161 1 1 0 13 0 91 1 8 1 3 
7 0 0 0 114 1 1 2 15 4 72 11 8 1 3 
7 0 0 0 114 1 1 2 15 4 72 58 8 1 3 
7 0 0 0 114 1 1 2 15 4 72 58 -1 1 3 
6 0 0 0 114 1 1 2 15 4 72 58 8 1 3 
7 0 0 0 161 1 1 2 29 4 88 11 2 1 3 
7 0 0 0 161 1 1 2 6 4 88 11 2 1 3 
7 0 0 0 161 0 1 2 6 4 88 11 2 1 3 
0 0 0 0 161 1 1 2 6 4 88 11 2 1 3 
0 0 0 0 161 1 1 2 30 4 88 11 2 1 3 
0 0 0 0 161 1 1 2 30 0 88 11 2 1 3 
7 0 0 0 161 1 1 2 31 4 88 11 2 1 3 
9 0 0 0 161 1 1 2 31 4 88 11 2 1 3 
0 0 0 0 161 1 1 2 6 4 91 11 2 1 3 
0 0 0 0 161 1 1 2 6 4 95 11 2 1 3 
0 0 0 0 161 1 1 2 6 4 97 11 2 1 3 
0 0 0 0 -20 1 1 2 6 4 95 11 2 1 3 
0 0 0 0 -20 1 1 2 29 4 95 11 2 1 3 
0 0 0 1 161 1 1 2 30 4 88 11 2 1 3 
10 0 0 1 161 1 1 2 30 4 88 11 2 1 3 
7 0 0 0 161 1 1 2 29 4 88 11 8 1 3 
7 0 0 0 161 1 1 2 17 4 88 11 8 1 3 
7 0 0 0 161 1 1 2 29 4 84 11 8 1 3 
7 0 0 0 161 1 1 2 31 4 88 11 2 0 3 
7 2 0 0 161 1 1 2 31 4 88 11 2 1 3 
0 2 0 0 161 1 1 2 31 4 88 11 2 1 3 
0 2 0 0 28 1 1 2 31 4 88 11 2 1 3 
0 2 0 0 28 1 1 2 31 4 60 11 2 1 3 
0 2 0 0 179 1 1 2 31 4 60 11 2 1 3 
0 2 0 0 179 1 1 2 31 4 99 11 2 1 3 
0 2 0 0 161 1 1 2 31 4 40 11 2 1 3 
0 2 0 0 161 1 1 2 31 0 40 11 2 1 3 
0 2 0 0 28 1 1 2 31 4 88 32 2 1 3 
0 2 0 0 28 1 1 2 31 6 88 32 2 1 3 
0 2 0 0 28 1 1 2 31 4 32 11 2 1 3 
0 2 0 0 179 1 1 2 31 4 99 11 2 1 0 
7 2 0 0 -20 1 1 2 31 4 88 11 2 1 3 
7 0 0 0 161 1 1 2 31 4 94 11 2 0 3 
7 0 0 0 161 1 1 2 31 4 97 11 2 0 3 
7 0 0 0 158 1 1 2 31 4 97 11 2 0 3 
0 0 0 0 -20 1 1 2 29 4 95 11 4 1 3 
0 0 0 0 -20 1 1 2 29 4 97 11 4 1 3 
0 0 0 0 161 1 1 2 31 4 94 11 2 0 3 
0 0 0 0 161 1 1 2 31 4 97 11 2 0 3 
0 0 3 0 161 1 1 2 31 4 94 11 2 0 3 
0 1 3 0 161 1 1 2 31 4 94 11 2 0 3 
0 1 0 0 161 1 1 2 31 4 94 11 2 0 3 
0 1 0 0 161 1 1 2 31 11 94 11 2 0 3 
0 1 0 0 161 1 1 2 31 11 94 11 20 0 3 
0 1 0 0 161 1 1 2 31 11 94 11 20 0 0 
0 1 0 0 140 1 1 2 31 11 94 11 2 0 3 
0 1 0 0 140 1 1 2 5 11 94 11 2 0 3 
0 1 0 0 140 1 1 2 16 11 94 11 2 0 3 
0 1 0 0 140 1 1 2 31 11 96 11 2 0 3 
0 1 0 0 140 1 1 2 21 11 96 11 2 0 3 
0 1 0 0 140 1 1 2 31 11 85 11 2 0 3 
11 1 0 0 140 1 1 2 31 11 85 11 2 0 3 
0 1 0 0 140 1 1 2 31 11 88 11 2 0 3 
0 1 0 0 140 1 1 2 31 11 60 11 2 0 3 
0 1 0 0 140 1 1 2 31 0 60 11 2 0 3 
0 1 0 0 146 1 1 2 31 11 88 11 2 0 3 
0 1 0 0 140 1 1 2 31 0 60 59 2 0 3 
0 1 0 0 146 1 1 2 31 11 95 11 2 0 3 
0 1 0 1 146 1 1 2 31 11 88 11 2 0 3 
0 0 0 0 146 1 1 2 31 11 95 11 2 0 3 
0 0 3 0 161 1 1 2 31 4 94 11 23 0 3 
0 0 0 0 161 1 1 2 31 4 97 1 2 0 3 
0 0 0 0 161 1 1 2 31 0 97 11 2 0 3 
0 0 0 0 161 1 1 2 31 0 97 11 -1 0 3 
0 0 0 0 161 1 1 2 17 0 97 11 -1 0 3 
0 1 0 0 140 1 1 2 21 11 11 11 2 0 3 
0 1 0 0 140 1 1 2 21 11 94 11 2 0 3 
0 1 0 0 140 0 1 2 21 11 94 11 2 0 3 
0 1 0 0 140 0 1 2 29 11 94 11 2 0 3 
0 1 0 0 140 0 1 2 15 11 94 11 2 0 3 
0 1 0 0 98 0 1 2 29 11 94 11 2 0 3 
0 1 0 0 98 0 1 2 29 11 94 11 20 0 3 
3 1 0 0 98 0 1 2 29 11 94 11 20 0 3 
0 1 0 0 98 0 1 0 29 11 94 11 2 0 3 
0 1 0 0 98 0 1 1 29 11 94 11 2 0 3 
0 1 0 0 98 0 1 0 29 11 77 11 2 0 3 
0 1 0 0 142 0 1 2 29 11 94 11 2 0 3 
0 1 0 0 142 0 1 2 29 11 94 11 2 1 3 
0 1 0 0 98 0 1 2 29 11 68 11 20 0 3 
0 1 0 0 98 0 1 2 29 11 68 11 -1 0 3 
0 1 0 0 98 0 1 2 31 11 68 11 -1 0 3 
0 1 0 0 60 0 1 2 31 11 68 11 -1 0 3 
0 1 0 0 98 0 1 2 29 11 48 11 -1 0 3 
0 1 0 0 98 0 1 2 29 11 68 32 20 0 3 
0 0 0 0 161 1 1 2 31 4 98 11 2 0 3 
0 1 0 0 161 1 1 2 31 11 92 11 20 0 3 
0 1 0 0 161 1 1 2 31 11 92 1 20 0 3 
7 0 0 0 114 1 1 2 15 4 70 58 -1 1 3 
11 0 0 0 146 1 1 2 31 11 95 11 2 0 3 
7 0 0 0 58 1 1 2 31 4 88 11 2 1 3 
7 0 0 0 147 1 1 2 31 4 88 11 2 1 3 
7 0 0 0 58 1 1 2 31 4 88 11 21 1 3 
7 2 0 0 58 1 1 2 31 4 88 11 21 1 3 
0 2 0 0 58 1 1 2 31 4 88 11 21 1 3 
0 2 0 0 58 1 0 2 31 4 88 11 21 1 3 
0 2 0 0 58 1 0 2 31 4 88 11 23 1 3 
7 2 0 0 58 1 1 2 31 4 88 1 21 1 3 
7 2 0 0 58 1 1 2 31 8 88 1 21 1 3 
0 2 0 0 58 1 0 2 31 4 88 11 21 1 0 
0 2 0 0 58 1 0 2 31 4 97 11 21 1 0 
0 2 0 0 58 1 1 2 31 4 80 11 21 1 3 
11 2 0 0 58 1 1 2 31 4 80 11 21 1 3 
11 2 0 0 58 1 1 2 31 4 82 11 21 1 3 
11 2 0 0 14 1 1 2 31 4 82 11 21 1 3 
11 2 0 0 14 1 1 0 31 4 82 11 21 1 3 
11 2 0 0 58 1 1 2 31 4 82 11 22 1 3 
11 0 0 0 58 1 1 2 31 4 82 11 22 1 3 
7 0 1 0 58 1 1 2 31 4 88 11 2 1 3 
7 0 1 0 176 1 1 2 31 4 88 11 2 1 3 
7 0 1 0 58 0 1 2 31 4 88 11 2 1 3 
7 0 1 0 58 0 1 2 31 4 99 11 2 1 3 
7 0 1 0 58 1 1 0 31 4 88 11 2 1 3 
7 0 1 0 58 0 1 0 31 4 88 11 2 1 3 
7 0 1 0 -20 1 1 0 31 4 88 11 2 1 3 
7 0 1 0 67 1 1 0 31 4 88 11 2 1 3 
7 0 1 0 67 1 1 0 31 4 95 11 2 1 3 
7 0 1 0 144 1 1 0 31 4 95 11 2 1 3 
9 0 1 0 67 1 1 0 31 4 88 11 2 1 3 
11 0 0 0 58 1 1 2 31 4 82 11 22 1 0 
11 0 0 0 58 1 1 2 31 4 82 7 22 1 0 
11 0 0 0 58 1 1 2 31 4 94 7 22 1 0 
7 0 0 0 161 1 1 2 6 4 48 11 2 1 3 
7 0 0 0 161 1 1 2 6 4 84 11 2 1 3 
7 0 0 0 161 1 1 2 31 4 84 11 2 1 3 
0 1 0 0 140 1 1 2 31 11 94 11 4 0 3 
0 1 0 0 140 1 1 2 31 11 94 1 4 0 3 
0 1 0 0 140 1 1 2 31 11 78 11 4 0 3 
0 1 0 0 140 1 1 2 23 11 94 1 4 0 3 
0 1 0 0 130 1 1 2 23 11 94 1 4 0 3 
0 1 0 0 3 1 1 2 23 11 94 1 4 0 3 
0 1 0 0 140 1 1 2 23 11 94 1 6 0 3 
0 0 0 0 140 1 1 2 23 11 94 1 6 0 3 
0 1 0 0 12 1 1 2 31 11 94 1 4 0 3 
0 1 0 0 4 1 1 2 31 11 94 1 4 0 3 
11 1 0 0 4 1 1 2 31 11 94 1 4 0 3 
0 1 0 0 142 0 1 2 29 11 94 11 4 1 3 
0 1 0 0 -20 0 1 2 29 11 94 11 4 1 3 
0 1 0 0 -20 0 1 2 29 11 98 11 4 1 3 
3 1 0 0 142 0 1 2 29 11 94 11 4 1 3 
3 1 0 0 142 0 1 2 29 11 94 11 23 1 3 
3 1 0 1 142 0 1 2 29 11 94 11 23 1 3 
3 1 0 1 142 0 1 0 29 11 94 11 23 1 3 
3 1 0 0 142 0 1 2 29 11 86 11 23 1 3 
4 1 0 0 142 0 1 2 29 11 86 11 23 1 3 
4 1 0 0 142 0 1 2 29 11 88 11 23 1 3 
3 1 0 0 142 0 1 2 29 10 94 11 4 1 3 
0 0 3 0 161 1 1 2 31 11 94 11 23 0 3 
0 0 1 0 161 1 1 2 31 4 98 11 2 0 3 
7 2 0 0 58 1 1 2 31 4 82 11 21 1 3 
7 2 0 0 58 1 1 2 31 4 68 11 21 1 3 
7 0 0 0 58 1 1 2 31 4 68 11 21 1 3 
0 2 0 0 161 1 1 2 21 4 88 11 2 1 3 
0 2 0 0 161 0 1 2 21 4 88 11 2 1 3 
0 2 0 0 161 0 1 2 29 4 88 11 2 1 3 
0 2 0 0 86 0 1 2 29 4 88 11 2 1 3 
0 2 0 0 161 0 1 2 21 4 90 11 2 1 3 
11 2 0 0 161 0 1 2 21 4 90 11 2 1 3 
11 0 0 0 161 0 1 2 21 4 90 11 2 1 3 
11 0 0 0 161 0 1 2 21 6 90 11 2 1 3 
0 2 0 0 161 0 1 2 31 4 90 11 2 1 3 
0 2 0 0 161 0 1 2 31 4 73 11 2 1 3 
0 2 0 1 161 0 1 2 31 4 90 11 2 1 3 
0 2 0 1 161 0 1 2 31 11 90 11 2 1 3 
0 2 0 1 161 0 1 0 31 11 90 11 2 1 3 
0 2 0 1 161 0 1 2 31 4 90 11 2 0 3 
0 2 0 0 161 1 1 2 21 4 88 11 4 1 3 
0 2 0 0 28 1 1 2 21 4 88 11 4 1 3 
0 2 0 0 28 1 1 2 21 4 45 11 4 1 3 
0 2 3 0 28 1 1 2 21 4 88 11 4 1 3 
0 2 3 0 149 1 1 2 21 4 88 11 4 1 3 
0 2 3 0 149 1 1 2 30 4 88 11 4 1 3 
0 2 3 0 149 1 1 2 30 4 92 11 4 1 3 
0 2 0 1 161 0 1 2 31 4 40 11 2 1 3 
0 2 0 1 161 0 1 2 31 4 40 11 -1 1 3 
0 2 3 0 149 1 1 2 21 4 88 11 -1 1 3 
0 2 3 0 149 1 1 2 21 4 90 11 -1 1 3 
0 2 3 0 149 1 1 2 21 4 70 11 -1 1 3 
0 2 3 0 149 1 1 2 30 11 88 11 4 1 3 
0 0 3 0 149 1 1 2 30 11 88 11 4 1 3 
0 0 3 0 149 1 1 2 30 11 99 11 4 1 3 
0 2 3 0 149 1 1 2 30 11 88 11 29 1 3 
8 2 3 0 149 1 1 2 30 11 88 11 29 1 3 
0 0 3 1 149 1 1 2 30 11 88 11 4 1 3 
0 0 3 1 149 1 1 2 30 11 88 11 -1 1 3 
0 2 0 0 161 0 1 2 29 4 84 11 2 1 3 
0 0 0 0 161 0 1 2 29 4 84 11 2 1 3 
0 0 0 0 161 0 1 2 29 4 90 11 2 1 3 
0 0 0 0 161 0 1 2 29 10 90 11 2 1 3 
0 2 0 0 161 0 1 2 1 4 90 11 2 1 3 
11 0 0 0 -10 0 1 2 21 6 90 11 2 1 3 
11 0 0 0 -10 0 1 2 21 9 90 11 2 1 3 
11 0 0 0 53 0 1 2 21 9 90 11 2 1 3 
11 0 0 0 53 1 1 2 21 9 90 11 2 1 3 
11 0 0 0 161 1 1 2 21 9 90 11 2 1 3 
11 0 0 0 161 0 1 2 21 9 90 11 2 1 3 
11 0 0 0 161 0 1 2 30 6 90 11 2 1 3 
11 0 0 0 161 0 1 0 30 6 90 11 2 1 3 
11 0 0 0 161 0 1 0 30 6 88 11 2 1 3 
0 0 0 0 161 0 1 0 30 6 88 11 2 1 3 
0 0 0 0 161 0 1 0 30 6 97 11 2 1 3 
0 0 0 0 161 0 1 0 30 0 88 11 2 1 3 
0 0 0 0 161 0 1 0 21 0 88 11 2 1 3 
0 0 0 0 161 0 1 0 21 0 88 11 -1 1 3 
0 2 0 0 161 0 1 0 21 0 88 11 -1 1 3 
11 0 0 0 116 0 1 0 30 6 90 11 2 1 3 
11 0 0 0 116 0 1 1 30 6 90 11 2 1 3 
11 1 0 0 116 0 1 1 30 6 90 11 2 1 3 
11 0 0 0 161 0 1 0 30 6 88 11 7 1 3 
11 0 0 0 179 0 1 0 30 6 88 11 7 1 3 
11 0 0 0 179 0 1 0 30 6 94 11 7 1 3 
11 0 0 0 179 0 1 0 30 6 88 59 7 1 3 
0 0 0 0 161 0 1 0 31 6 97 11 2 1 3 
0 0 0 1 161 0 1 0 31 6 97 11 2 1 3 
0 0 0 1 161 1 1 0 31 6 97 11 2 1 3 
0 0 0 1 179 1 1 0 31 6 97 11 2 1 3 
0 0 0 1 179 1 1 0 31 0 97 11 2 1 3 
0 0 0 1 179 1 1 0 1 0 97 11 2 1 3 
0 0 0 1 179 1 1 0 1 0 82 11 2 1 3 
0 0 0 1 44 1 1 0 31 0 97 11 2 1 3 
11 1 0 0 116 0 1 1 30 6 78 11 2 1 3 
11 1 0 0 116 0 1 1 30 6 44 11 2 1 3 
11 1 0 0 116 0 1 1 30 6 84 11 2 1 3 
0 1 0 0 116 0 1 1 30 6 44 11 2 1 3 
0 0 0 0 161 0 1 0 31 6 82 11 2 1 3 
0 0 0 0 161 0 1 0 31 6 84 11 2 1 3 
0 0 0 0 161 0 1 0 30 11 97 11 2 1 3 
0 2 0 0 161 1 1 2 13 0 40 11 2 1 3 
0 2 0 0 161 1 1 2 13 0 82 11 2 1 3 
0 2 0 0 161 1 1 2 13 0 82 11 -1 1 3 
0 2 0 0 161 1 1 2 13 0 82 11 8 1 3 
0 2 0 0 161 1 1 2 28 0 82 11 2 1 3 
0 2 0 0 161 0 1 2 28 0 82 11 2 1 3 
0 2 0 0 161 0 1 0 28 0 82 11 2 1 3 
0 2 0 0 161 1 1 0 28 0 82 11 2 1 3 
0 2 0 0 161 1 1 0 28 0 82 11 -1 1 3 
0 2 0 0 176 1 1 0 28 0 82 11 -1 1 3 
0 2 0 0 176 1 1 0 1 0 82 11 -1 1 3 
0 2 0 0 161 1 1 0 28 0 72 11 -1 1 3 
9 2 0 0 176 1 1 0 28 0 82 11 -1 1 3 
0 2 0 0 161 1 1 2 13 0 82 1 2 1 3 
0 0 0 0 161 1 1 2 13 0 82 1 2 1 3 
0 2 0 0 161 1 1 0 28 0 91 11 2 1 3 
0 2 0 0 161 1 1 0 28 0 94 11 2 1 3 
0 2 0 0 161 1 1 0 28 0 78 11 2 1 3 
0 2 0 0 161 1 1 2 28 0 78 11 2 1 3 
0 2 0 0 161 0 1 0 28 0 82 11 2 1 0 
0 0 0 0 161 0 1 0 28 0 82 11 2 1 0 
0 0 0 0 161 0 1 2 28 0 82 11 2 1 0 
0 0 0 0 161 0 1 2 28 0 91 11 2 1 0 
0 0 0 0 161 0 1 2 28 0 97 11 2 1 0 
0 0 0 0 64 0 1 2 28 0 82 11 2 1 0 
0 0 0 0 64 0 1 2 28 0 97 11 2 1 0 
0 0 0 0 64 0 1 2 30 0 82 11 2 1 0 
0 0 0 0 64 0 1 2 30 0 98 11 2 1 0 
0 0 0 0 170 0 1 2 30 0 82 11 2 1 0 
0 0 0 0 170 0 1 2 1 0 82 11 2 1 0 
0 0 0 0 64 0 1 2 30 0 78 11 2 1 0 
0 0 0 0 147 0 1 2 30 0 78 11 2 1 0 
0 0 3 0 147 0 1 2 30 0 78 11 2 1 0 
0 0 3 0 147 0 1 2 30 0 95 11 2 1 0 
0 0 3 0 -10 0 1 2 30 0 95 11 2 1 0 
0 0 3 0 112 0 1 2 30 0 95 11 2 1 0 
0 0 3 0 64 0 1 2 30 0 78 11 2 1 0 
0 0 3 0 64 0 1 2 30 0 84 11 2 1 0 
0 0 3 0 64 0 1 2 30 0 99 11 2 1 0 
0 0 3 0 64 0 1 2 30 0 84 1 2 1 0 
0 0 3 0 64 0 1 2 30 0 84 1 2 1 2 
0 0 3 0 64 0 1 2 30 0 40 1 2 1 2 
3 0 3 0 64 0 1 2 30 0 40 1 2 1 2 
0 0 3 1 64 0 1 2 30 0 99 11 2 1 0 
0 2 0 0 161 1 1 2 13 0 82 1 7 1 3 
0 0 0 0 64 0 1 2 28 0 72 11 2 1 0 
0 0 0 0 64 0 1 2 28 0 72 11 -1 1 0 
0 0 0 0 64 0 1 2 30 0 72 11 -1 1 0 
0 0 0 0 -20 0 1 2 28 0 97 11 2 1 0 
0 0 0 0 -20 0 1 2 28 0 97 11 2 0 0 
0 0 0 0 -20 0 1 0 28 0 97 11 2 0 0 
0 0 0 0 64 0 1 2 28 0 72 11 -1 0 0 
0 0 1 0 -20 0 1 2 28 0 97 11 2 1 0 
0 0 1 0 -20 1 1 2 28 0 97 11 2 1 0 
0 2 1 0 -20 1 1 2 28 0 97 11 2 1 0 
0 2 3 0 -20 1 1 2 28 0 97 11 2 1 0 
0 2 3 0 179 1 1 2 28 0 97 11 2 1 0 
0 2 3 0 179 1 1 2 28 10 97 11 2 1 0 
0 0 3 0 179 1 1 2 28 0 97 11 2 1 0 
0 0 3 0 179 1 1 2 1 0 97 11 2 1 0 
0 0 3 0 64 1 1 2 30 0 84 1 2 1 0 
0 0 3 0 64 1 1 2 31 0 84 1 2 1 0 
0 0 3 0 64 1 1 0 31 0 84 1 2 1 0 
0 0 0 1 64 0 1 2 28 0 97 11 2 1 0 
0 0 3 0 64 0 1 2 30 0 40 25 2 1 2 
0 0 3 0 64 0 1 2 13 0 40 25 2 1 2 
0 0 3 0 64 0 1 2 24 0 40 25 2 1 2 
11 0 0 0 64 0 1 2 28 0 82 11 2 1 0 
11 0 0 1 64 0 1 2 28 0 82 11 2 1 0 
11 0 0 1 64 0 1 2 29 0 82 11 2 1 0 
11 0 0 0 64 0 1 2 28 0 49 11 2 1 0 
11 0 0 0 64 0 1 2 28 0 83 11 2 1 0 
11 0 0 0 64 0 1 2 29 0 83 11 2 1 0 
11 0 0 0 -7 0 1 2 28 0 49 11 2 1 0 
11 0 0 0 -7 0 1 2 28 0 46 11 2 1 0 
11 0 3 0 64 0 1 2 28 0 82 11 2 1 0 
11 0 3 0 64 0 1 2 28 0 99 11 2 1 0 
11 0 3 0 64 0 1 2 28 0 98 11 2 1 0 
11 0 3 0 64 0 1 2 28 0 98 47 2 1 0 
11 0 0 0 64 0 1 2 29 0 92 11 2 1 0 
0 0 0 0 64 0 1 2 29 0 83 11 2 1 0 
0 0 0 0 64 0 1 2 29 11 83 11 2 1 0 
0 0 3 0 -17 1 1 2 28 0 97 11 2 1 0 
10 0 0 1 64 0 1 2 28 0 82 11 2 1 0 
0 0 0 0 -20 0 1 2 28 0 90 11 2 0 0 
11 0 0 0 161 1 1 2 13 0 82 1 2 1 3 
11 0 0 0 161 1 1 2 13 0 82 26 2 1 3 
11 0 0 0 161 1 1 2 13 0 82 58 2 1 3 
0 0 0 0 161 1 1 2 30 4 70 11 2 1 3 
0 2 0 0 156 0 1 2 28 0 82 11 2 1 3 
0 2 0 0 156 0 1 2 28 0 83 11 2 1 3 
7 0 0 0 156 1 1 2 17 4 88 11 8 1 3 
7 0 0 0 148 1 1 2 17 4 88 11 8 1 3 
7 0 0 0 148 1 1 2 17 4 95 11 8 1 3 
0 0 0 0 161 0 1 0 21 0 78 11 -1 1 3 
0 0 0 0 161 0 1 0 22 0 78 11 -1 1 3 
0 0 0 0 161 0 1 0 21 0 78 16 -1 1 3 
0 2 1 0 -20 1 1 2 28 0 86 11 2 1 0 
7 0 0 0 58 1 1 2 29 4 88 11 21 1 3 
7 0 0 0 58 1 0 2 29 4 88 11 21 1 3 
7 0 0 0 58 1 0 2 29 0 88 11 21 1 3 
7 0 0 0 58 1 0 2 29 0 99 11 21 1 3 
7 0 0 0 58 1 0 2 29 7 88 11 21 1 3 
7 0 0 0 58 1 0 2 29 7 88 1 21 1 3 
7 0 0 0 58 1 0 2 29 7 88 30 21 1 3 
7 0 0 0 58 1 1 2 29 4 99 11 21 1 3 
7 0 0 0 58 0 0 2 29 4 88 11 21 1 3 
0 2 0 1 161 0 1 2 29 11 90 11 2 1 3 
11 2 0 1 161 0 1 2 29 11 90 11 2 1 3 
0 2 0 1 161 0 1 2 29 11 78 11 2 1 3 
7 0 0 0 58 1 0 2 25 7 88 30 21 1 3 
7 0 0 0 58 1 0 0 25 7 88 30 21 1 3 
0 0 0 0 58 1 0 0 25 7 88 30 21 1 3 
0 0 0 0 58 1 0 0 25 7 88 30 -1 1 3 
7 0 0 0 58 1 0 0 25 7 82 30 21 1 3 
7 0 0 0 58 1 0 0 25 7 99 30 21 1 3 
7 0 0 0 66 1 0 0 25 7 82 30 21 1 3 
0 0 0 0 116 1 0 0 25 7 88 30 21 1 3 
7 0 0 0 58 1 0 2 25 7 60 30 21 1 3 
7 0 0 0 58 1 0 2 25 7 60 30 23 1 3 
7 0 0 0 58 1 0 2 25 7 60 30 -1 1 3 
7 0 0 0 58 1 0 2 25 0 60 30 21 1 3 
7 0 0 0 156 1 1 2 6 4 88 11 2 1 3 
7 0 0 0 156 1 1 2 6 4 94 11 2 1 3 
11 0 0 0 156 1 1 2 6 4 94 11 2 1 3 
7 1 0 0 156 1 1 2 6 4 94 11 2 1 3 
7 1 0 0 156 1 1 2 6 4 28 11 2 1 3 
7 0 0 0 156 1 1 2 6 4 82 11 2 1 3 
7 0 0 0 156 1 1 2 28 4 82 11 2 1 3 
7 0 0 1 156 1 1 2 6 4 82 11 2 1 3 
10 0 0 1 64 0 1 2 29 0 82 11 2 1 0 
10 0 0 1 64 0 1 2 29 0 78 11 2 1 0 
10 0 2 1 64 0 1 2 29 0 78 11 2 1 0 
10 0 0 1 64 0 1 2 29 0 82 14 2 1 0 
10 0 0 1 64 0 1 2 29 0 44 14 2 1 0 
10 0 0 1 64 0 1 2 29 0 34 14 2 1 0 
10 0 0 1 64 0 1 2 29 0 34 14 -1 1 0 
10 0 3 1 64 0 1 2 29 0 34 14 -1 1 0 
10 0 3 1 64 0 1 2 29 0 96 14 -1 1 0 
10 0 3 1 64 0 1 2 30 0 34 14 -1 1 0 
10 0 3 1 172 0 1 2 30 0 34 14 -1 1 0 
10 0 0 1 64 0 1 2 29 0 99 14 -1 1 0 
10 0 0 0 64 0 1 2 29 0 99 14 -1 1 0 
10 0 0 1 64 0 1 2 29 0 72 14 -1 1 0 
10 0 0 1 64 0 1 2 29 0 98 14 -1 1 0 
11 2 0 0 161 0 1 2 21 4 90 11 4 1 3 
0 1 0 0 98 0 1 2 29 11 68 11 4 0 3 
11 2 0 0 28 1 1 2 21 4 88 11 4 1 3 
11 2 0 0 28 1 1 2 21 11 88 11 4 1 3 
11 2 0 0 28 1 1 0 21 11 88 11 4 1 3 
0 2 0 0 161 1 1 0 28 0 82 11 1 1 3 
0 0 3 0 -10 0 1 2 30 0 95 11 6 1 0 
0 1 0 0 140 1 1 2 23 11 88 1 6 0 3 
0 1 0 0 140 1 1 2 6 11 88 1 6 0 3 
0 1 0 0 140 1 1 2 23 11 88 1 7 0 3 
2 0 0 0 64 0 1 2 28 0 72 11 -1 0 0 
2 0 0 0 64 0 1 2 28 0 90 11 -1 0 0 
2 0 0 0 64 0 1 0 28 0 90 11 -1 0 0 
2 0 0 0 64 1 1 0 28 0 90 11 -1 0 0 
2 0 0 0 64 0 1 0 28 0 48 11 -1 0 0 
9 0 0 0 64 0 1 2 28 0 72 11 -1 0 0 
9 0 0 0 64 0 1 2 28 0 68 11 -1 0 0 
11 2 0 0 28 1 1 2 21 11 86 11 4 1 3 
7 0 0 0 161 1 0 2 15 0 90 11 2 1 3 
7 0 0 0 161 1 1 2 17 4 84 11 8 1 3 
7 0 0 0 161 1 1 2 17 4 82 11 8 1 3 
7 0 0 0 161 1 1 2 17 4 97 11 8 1 3 
7 0 0 0 161 1 1 2 17 4 92 11 8 1 3 
7 0 0 0 3 1 1 2 17 4 92 11 8 1 3 
7 0 1 0 144 1 1 0 23 4 95 11 2 1 3 
7 0 1 0 144 1 1 0 23 4 95 11 9 1 3 
7 0 1 0 2 1 1 0 23 4 95 11 9 1 3 
7 0 1 0 2 1 1 0 23 4 95 11 9 1 0 
7 2 1 0 144 1 1 0 23 4 95 11 2 1 3 
7 0 1 0 2 1 1 0 23 4 68 11 9 1 3 
7 0 1 0 2 1 1 0 23 4 68 11 -1 1 3 
7 0 1 0 2 1 1 0 23 4 83 11 9 1 3 
7 1 1 0 2 1 1 0 23 4 83 11 9 1 3 
7 2 1 0 144 1 1 0 1 4 95 11 2 1 3 
7 1 1 0 2 1 1 0 23 4 72 11 9 1 3 
7 2 1 0 144 1 1 0 23 4 95 63 2 1 3 
7 2 1 0 144 1 1 0 23 4 95 63 7 1 3 
6 1 1 0 2 1 1 0 23 4 72 11 9 1 3 
6 1 1 0 2 1 1 0 23 4 72 11 -1 1 3 
6 1 1 0 2 1 1 0 23 4 90 11 -1 1 3 
6 1 1 0 2 1 1 0 1 4 90 11 -1 1 3 
7 0 1 0 2 1 1 0 23 4 99 11 -1 1 3 
7 0 1 0 2 1 1 0 31 4 99 11 -1 1 3 
7 0 1 0 144 1 1 0 23 4 85 11 9 1 3 
11 0 0 0 161 0 1 2 25 6 90 11 2 1 3 
11 0 0 0 161 0 1 2 25 6 56 11 2 1 3 
11 0 0 0 161 0 1 0 25 6 56 11 2 1 3 
11 0 0 0 161 1 1 2 21 9 72 11 2 1 3 
11 0 0 0 161 1 1 2 21 9 88 11 2 1 3 
11 0 3 0 64 0 1 2 28 11 98 11 2 1 0 
11 0 0 0 161 0 1 2 21 9 90 11 7 1 3 
6 0 0 0 161 0 1 2 21 9 90 11 7 1 3 
11 0 0 0 161 0 1 2 21 9 90 11 11 1 3 
11 0 0 0 161 0 1 2 21 9 99 11 11 1 3 
11 0 0 0 161 0 1 2 26 9 90 11 11 1 3 
11 0 0 0 156 0 1 0 30 6 88 11 7 1 3 
11 0 1 0 156 0 1 0 30 6 88 11 7 1 3 
11 0 1 0 178 0 1 0 30 6 88 11 7 1 3 
11 0 1 0 178 0 1 0 30 6 88 7 7 1 3 
0 0 0 0 64 0 1 2 21 0 97 11 2 1 0 
0 0 0 0 64 0 1 2 23 0 97 11 2 1 0 
0 0 0 0 64 0 1 2 23 0 98 11 2 1 0 
6 0 0 0 64 0 1 2 23 0 98 11 2 1 0 
6 0 0 0 62 0 1 2 23 0 98 11 2 1 0 
6 0 0 0 62 0 1 2 23 11 98 11 2 1 0 
0 0 1 0 64 0 1 2 21 0 97 11 2 1 0 
0 0 3 0 64 0 1 2 24 0 40 25 4 1 2 
0 0 3 0 64 0 1 2 24 0 40 25 4 0 2 
0 1 3 0 64 0 1 2 24 0 40 25 4 0 2 
0 1 3 0 64 0 1 2 24 0 88 25 4 0 2 
0 0 3 0 64 0 1 2 24 3 40 25 4 1 2 
0 0 3 0 62 0 1 2 24 3 40 25 4 1 2 
0 0 3 0 64 0 1 2 24 3 40 25 23 1 2 
0 0 3 0 64 0 1 2 24 3 40 39 23 1 2 
0 0 3 0 64 0 1 2 24 3 80 39 23 1 2 
0 0 3 0 64 0 1 2 24 3 80 39 -1 1 2 
0 0 3 0 64 0 1 2 24 3 52 39 -1 1 2 
0 0 3 0 64 0 1 2 24 3 90 39 -1 1 2 
0 0 3 0 64 0 1 2 24 3 80 48 -1 1 2 
0 0 3 0 64 0 1 2 1 3 80 48 -1 1 2 
2 0 3 0 64 0 1 2 24 3 40 39 23 1 2 
2 0 3 0 64 0 1 0 24 3 40 39 23 1 2 
2 0 3 0 64 0 1 0 24 3 40 39 24 1 2 
2 0 3 0 64 0 1 0 28 3 40 39 24 1 2 
4 0 3 0 64 0 1 0 28 3 40 39 24 1 2 
2 0 3 0 64 0 1 0 24 3 40 44 23 1 2 
2 1 3 0 64 0 1 0 24 3 40 39 23 1 2 
2 0 0 0 64 0 1 0 24 3 40 39 24 1 2 
0 0 3 0 64 0 1 2 1 3 80 48 8 1 2 
0 1 0 0 161 1 1 2 31 11 86 11 20 0 3 
10 2 0 0 28 1 1 2 21 4 88 11 4 1 3 
10 2 0 0 28 1 1 2 21 4 88 11 4 1 0 
10 2 0 0 28 1 1 2 21 9 88 11 4 1 0 
10 2 0 0 28 1 1 2 21 9 90 11 4 1 0 
10 2 0 0 28 1 1 2 21 9 84 11 4 1 0 
10 2 0 0 28 1 1 2 21 9 84 11 -1 1 0 
10 2 0 0 24 1 1 2 21 9 84 11 4 1 0 
10 2 0 0 28 1 1 2 21 4 22 11 4 1 3 
10 2 0 0 28 1 1 2 21 4 22 11 -1 1 3 
0 2 0 0 28 1 1 2 21 4 22 11 -1 1 3 
0 2 0 0 28 1 1 2 21 4 92 11 -1 1 3 
10 2 0 0 28 1 1 2 21 9 84 11 8 1 0 
10 2 0 0 28 1 1 2 22 9 84 11 8 1 0 
0 2 0 0 28 1 1 2 21 9 84 11 4 1 0 
10 2 0 0 28 1 1 2 21 4 88 45 4 1 0 
10 2 0 0 28 1 1 2 21 4 92 45 4 1 0 
10 2 0 0 24 1 1 2 21 4 92 45 4 1 0 
10 2 0 0 28 1 1 2 21 4 80 45 4 1 0 
10 2 0 0 24 1 1 2 21 4 92 45 8 1 0 
11 0 3 0 64 0 1 2 24 3 80 39 23 1 2 
11 0 3 1 64 0 1 2 24 3 80 39 23 1 2 
0 2 0 1 161 0 1 2 23 4 40 11 2 1 3 
3 1 0 0 146 1 1 2 31 11 88 11 2 0 3 
0 2 0 0 28 1 1 2 21 4 88 11 7 1 3 
0 2 0 0 28 1 1 2 21 6 88 11 7 1 3 
0 2 0 0 83 1 1 2 21 6 88 11 7 1 3 
0 2 0 0 83 1 1 2 21 6 88 11 8 1 3 
0 2 0 0 14 1 1 2 21 6 88 11 8 1 3 
0 2 0 0 14 1 1 2 21 6 88 11 8 1 0 
0 2 0 0 83 1 1 2 21 6 88 1 8 1 3 
0 2 0 0 83 0 1 2 21 6 88 1 8 1 3 
0 2 1 0 83 0 1 2 21 6 88 1 8 1 3 
0 2 1 0 83 0 1 2 21 10 88 1 8 1 3 
0 2 3 0 83 0 1 2 21 10 88 1 8 1 3 
0 2 0 0 28 1 1 2 21 6 84 11 7 1 3 
0 2 0 0 28 1 1 2 15 6 84 11 7 1 3 
0 2 1 0 83 0 1 2 21 6 84 1 8 1 3 
0 2 1 0 83 0 1 2 21 6 40 1 8 1 3 
0 2 1 0 83 0 1 2 21 10 88 29 8 1 3 
0 2 0 0 83 1 1 2 21 6 88 56 8 1 3 
0 2 0 0 83 1 1 2 21 6 88 56 -1 1 3 
0 2 0 0 83 1 1 2 21 6 88 56 30 1 3 
0 2 0 0 83 1 1 2 21 6 88 59 8 1 3 
0 2 0 0 83 1 1 2 21 6 92 59 8 1 3 
0 0 1 0 64 0 1 2 30 0 82 11 2 1 0 
0 0 1 0 -20 0 1 2 30 0 82 11 2 1 0 
0 0 1 0 -20 0 1 2 21 0 82 11 2 1 0 
0 0 0 0 161 0 1 0 13 6 88 11 2 1 3 
0 0 0 0 161 0 1 0 13 6 85 11 2 1 3 
0 0 0 0 26 0 1 0 13 6 85 11 2 1 3 
0 0 0 0 26 0 1 0 13 6 85 7 2 1 3 
0 0 0 0 26 0 1 0 13 6 85 24 2 1 3 
0 0 0 0 26 0 1 0 13 6 99 24 2 1 3 
0 0 0 0 26 0 1 0 13 6 99 1 2 1 3 
0 0 0 0 26 0 1 0 13 6 99 24 6 1 3 
0 0 0 0 26 0 1 0 13 6 84 11 2 1 3 
0 0 0 0 26 0 1 0 11 6 84 11 2 1 3 
0 0 0 0 26 0 1 0 13 6 72 11 2 1 3 
0 2 0 0 28 1 1 2 15 6 68 11 7 1 3 
0 2 0 0 28 1 1 2 23 6 68 11 7 1 3 
0 2 0 0 28 1 0 2 23 6 68 11 7 1 3 
0 2 0 0 28 1 1 2 23 6 66 11 7 1 3 
0 2 0 0 50 1 1 2 23 6 68 11 7 1 3 
0 2 0 0 50 1 1 2 23 6 68 45 7 1 3 
0 2 0 0 50 1 1 2 23 6 68 1 7 1 3 
0 2 0 0 50 1 1 0 23 6 68 11 7 1 3 
0 0 0 0 28 1 1 2 23 6 66 11 7 1 3 
0 0 0 0 28 1 1 2 23 6 92 11 7 1 3 
0 0 0 0 28 1 1 2 23 6 66 11 7 1 0 
0 0 0 0 28 1 1 2 23 6 66 11 -1 1 0 
0 0 0 0 28 1 1 2 21 6 66 11 7 1 3 
0 0 0 0 28 1 1 2 21 6 66 11 7 1 0 
0 0 0 0 28 1 1 2 21 6 66 11 -1 1 0 
