0 2 0 0 141 0 0 0 7 10 43 21 1 1 1 
0 2 0 0 10 0 0 0 7 10 43 21 1 1 1 
0 2 0 1 141 0 0 0 7 10 43 21 1 1 1 
0 2 0 1 89 1 0 2 31 10 71 11 0 1 2 
0 2 0 1 89 1 0 2 31 10 80 11 0 1 2 
0 2 0 1 89 1 0 2 31 0 80 11 0 1 2 
11 2 0 1 89 1 0 2 31 0 80 11 0 1 2 
11 2 0 1 89 1 0 2 31 11 80 11 0 1 2 
11 0 0 1 89 1 0 2 31 11 80 11 0 1 2 
11 0 0 1 89 1 0 2 31 11 78 11 0 1 2 
10 0 0 1 89 1 0 2 31 11 78 11 0 1 2 
10 0 0 1 89 1 0 2 31 11 70 11 0 1 2 
10 0 0 1 89 1 0 2 31 11 91 11 0 1 2 
10 0 0 1 140 1 0 2 31 11 91 11 0 1 2 
10 0 0 1 89 1 0 2 31 11 91 11 7 1 2 
10 0 0 1 89 1 0 2 31 11 91 11 -1 1 2 
10 0 0 1 89 1 0 2 31 11 91 11 7 0 2 
10 0 0 1 89 1 0 2 31 11 82 11 7 1 2 
10 0 0 1 89 1 0 2 31 11 82 11 -1 1 2 
10 0 0 1 89 0 0 2 31 11 82 11 -1 1 2 
10 0 0 1 -20 0 0 2 31 11 82 11 -1 1 2 
10 0 0 1 89 1 0 2 23 11 91 11 7 0 2 
10 0 1 1 89 1 0 2 23 11 91 11 7 0 2 
10 0 1 1 89 1 0 2 23 11 97 11 7 0 2 
10 0 1 0 89 1 0 2 23 11 91 11 7 0 2 
10 0 1 0 89 1 0 2 23 11 88 11 7 0 2 
10 0 1 0 89 1 0 2 23 10 88 11 7 0 2 
10 0 0 1 89 1 0 2 23 11 82 11 7 0 2 
10 0 1 0 89 1 0 2 23 11 80 11 7 0 2 
10 0 0 1 89 1 0 2 15 11 70 11 0 1 2 
10 0 0 1 89 1 0 2 15 11 70 11 -1 1 2 
10 2 0 1 89 1 0 2 15 11 70 11 -1 1 2 
11 0 0 1 89 1 0 2 15 11 70 11 0 1 2 
11 0 0 1 89 1 0 2 15 11 90 11 0 1 2 
10 0 0 1 89 1 0 2 15 11 70 56 0 1 2 
10 0 0 1 89 1 0 2 15 11 70 3 0 1 2 
10 0 0 1 89 1 0 2 15 11 90 3 0 1 2 
10 0 0 1 89 1 0 2 15 0 70 3 0 1 2 
10 0 0 1 89 1 0 2 15 0 70 3 0 1 3 
10 0 0 1 89 1 0 2 15 0 70 63 0 1 3 
10 0 0 1 89 1 0 2 15 0 70 62 0 1 2 
10 0 0 1 89 1 0 2 13 0 70 3 0 1 2 
10 0 0 1 89 1 0 2 13 10 70 3 0 1 2 
10 0 0 1 89 1 0 2 13 10 70 3 -1 1 2 
10 0 0 1 163 1 0 2 13 10 70 3 0 1 2 
10 0 0 1 163 1 0 2 13 10 99 3 0 1 2 
10 0 0 1 89 1 0 2 13 0 89 3 0 1 2 
0 0 0 1 89 1 0 2 13 0 89 3 0 1 2 
10 0 0 1 163 1 0 2 13 10 56 3 0 1 2 
10 2 0 1 163 1 0 2 13 10 56 3 0 1 2 
10 2 0 1 163 1 0 2 13 0 56 3 0 1 2 
10 2 0 1 163 1 0 2 1 0 56 3 0 1 2 
10 2 0 1 163 1 0 2 1 0 62 3 0 1 2 
10 2 0 1 -10 1 0 2 1 0 62 3 0 1 2 
10 2 0 1 163 1 0 2 13 10 66 3 0 1 2 
10 0 0 1 89 1 0 2 15 11 70 3 0 1 3 
10 0 0 1 89 1 0 2 13 10 70 3 6 1 2 
10 0 0 1 89 1 0 2 13 10 98 3 6 1 2 
10 2 0 1 89 1 0 2 13 10 98 3 6 1 2 
10 0 0 1 89 1 0 2 13 10 70 7 6 1 2 
10 1 0 1 89 1 0 2 13 10 70 7 6 1 2 
10 2 0 1 89 1 0 2 13 10 70 7 6 1 2 
10 1 0 1 89 1 0 2 13 0 70 7 6 1 2 
10 1 0 1 89 1 0 2 13 0 70 15 6 1 2 
10 0 0 1 89 1 0 2 13 10 98 48 6 1 2 
10 0 0 1 89 1 0 2 1 10 98 48 6 1 2 
10 0 0 1 89 1 0 2 28 10 98 48 6 1 2 
10 2 0 1 89 1 0 2 13 10 88 3 6 1 2 
10 2 0 1 89 1 0 2 13 10 88 6 6 1 2 
10 2 0 1 89 1 0 2 15 10 70 11 -1 1 2 
10 0 0 1 89 1 0 2 23 10 82 11 7 0 2 
10 0 0 1 89 1 0 2 30 10 82 11 7 0 2 
10 0 0 1 89 1 0 2 27 11 91 11 -1 1 2 
10 0 0 1 89 1 0 2 27 11 91 11 2 1 2 
10 0 0 1 76 1 0 2 27 11 91 11 2 1 2 
6 0 0 1 76 1 0 2 27 11 91 11 2 1 2 
10 0 0 1 89 1 0 2 1 11 91 11 -1 1 2 
10 1 0 1 89 1 0 2 1 11 91 11 -1 1 2 
10 1 0 1 89 1 0 2 1 11 91 32 -1 1 2 
10 0 0 1 140 1 0 2 31 11 91 11 2 1 2 
10 0 0 1 140 1 0 2 31 11 91 11 16 1 2 
10 0 0 1 140 1 0 2 31 11 91 25 16 1 2 
10 0 0 1 140 1 0 2 29 11 91 25 16 1 2 
10 0 0 1 140 1 0 2 29 11 90 25 16 1 2 
10 0 1 1 89 1 0 2 23 11 64 11 7 0 2 
10 0 1 1 89 1 0 2 23 11 64 11 -1 0 2 
10 0 1 1 89 1 0 2 23 0 64 11 -1 0 2 
10 0 1 1 89 1 0 2 23 10 64 11 7 0 2 
10 0 1 1 89 1 0 0 23 10 64 11 7 0 2 
10 0 1 1 89 1 0 0 23 10 64 11 -1 0 2 
10 0 1 1 89 1 0 0 23 0 64 11 -1 0 2 
10 0 1 1 89 1 0 0 23 10 58 11 7 0 2 
10 0 1 1 89 1 0 0 23 0 58 11 7 0 2 
10 0 1 1 89 0 0 0 23 10 58 11 7 0 2 
10 0 1 1 89 0 0 0 23 10 96 11 7 0 2 
11 0 1 1 89 1 0 0 23 0 58 11 7 0 2 
0 0 1 1 89 1 0 0 23 0 58 11 7 0 2 
10 0 1 1 89 1 0 0 23 10 58 11 7 1 2 
10 0 1 1 89 1 0 0 23 10 67 11 7 1 2 
10 0 1 1 89 0 0 0 6 10 58 11 7 0 2 
10 0 1 1 89 0 0 0 23 10 91 11 7 0 2 
10 0 1 1 -17 0 0 0 23 10 91 11 7 0 2 
10 0 1 1 -17 0 0 0 23 10 95 11 7 0 2 
10 0 1 1 -17 0 0 0 23 11 95 11 7 0 2 
10 0 1 1 177 0 0 0 23 11 95 11 7 0 2 
10 0 1 1 64 0 0 0 23 11 95 11 7 0 2 
10 0 1 1 64 0 0 0 23 11 95 11 7 1 2 
10 0 3 1 64 0 0 0 23 11 95 11 7 1 2 
10 0 3 1 64 0 0 0 23 11 95 11 14 1 2 
10 0 3 1 64 0 0 0 23 0 95 11 14 1 2 
10 0 3 0 64 0 0 0 23 11 95 11 7 1 2 
10 0 3 1 64 0 0 0 23 11 95 11 -1 1 2 
10 0 3 1 64 0 0 0 30 11 95 11 -1 1 2 
10 0 3 0 64 0 0 0 23 11 95 11 10 1 2 
10 0 1 1 89 0 0 0 23 10 70 11 7 0 2 
10 0 1 1 89 0 0 0 23 10 70 11 -1 0 2 
10 2 1 1 89 0 0 0 23 10 70 11 -1 0 2 
10 0 1 1 89 0 0 0 23 10 99 11 7 0 2 
10 2 1 1 89 0 0 0 23 10 99 11 7 0 2 
10 2 1 1 89 0 0 0 23 10 99 11 -1 0 2 
10 2 1 1 -18 0 0 0 23 10 99 11 -1 0 2 
10 0 1 1 150 0 0 0 23 10 95 11 7 0 2 
10 2 1 1 150 0 0 0 23 10 95 11 7 0 2 
10 2 1 1 20 0 0 0 23 10 95 11 7 0 2 
10 0 0 1 -17 0 0 0 23 11 95 11 7 0 2 
10 0 0 1 163 0 0 0 23 11 95 11 7 0 2 
0 0 0 1 -17 0 0 0 23 11 95 11 7 0 2 
10 0 1 1 89 0 0 0 23 10 70 11 11 0 2 
10 0 1 1 89 0 0 0 23 10 96 11 11 0 2 
10 0 1 1 89 0 0 0 23 10 96 11 14 0 2 
10 0 3 0 64 0 0 0 23 11 88 11 10 1 2 
10 0 1 1 89 1 0 0 23 10 96 11 11 0 2 
10 0 1 1 -17 0 0 0 11 10 91 11 7 0 2 
10 0 1 1 -17 0 0 0 11 10 91 11 -1 0 2 
10 0 3 1 64 0 0 0 23 11 84 11 14 1 2 
10 0 3 1 64 1 0 0 23 11 84 11 14 1 2 
10 0 3 1 64 0 0 0 23 11 95 11 5 1 2 
10 0 3 1 64 0 0 0 23 11 48 11 5 1 2 
10 2 3 1 64 0 0 0 23 11 48 11 5 1 2 
10 0 3 1 82 1 0 0 23 11 84 11 14 1 2 
10 0 3 1 82 1 0 0 23 11 84 11 -1 1 2 
10 0 0 1 82 1 0 0 23 11 84 11 -1 1 2 
10 2 3 1 64 0 0 0 1 11 48 11 5 1 2 
10 2 3 0 64 0 0 0 23 11 48 11 5 1 2 
10 2 3 0 64 1 0 0 23 11 48 11 5 1 2 
10 0 3 1 64 0 0 0 21 11 95 11 14 1 2 
0 0 3 1 64 0 0 0 21 11 95 11 14 1 2 
0 0 3 1 64 0 0 0 1 11 95 11 14 1 2 
0 0 3 1 64 0 0 0 1 11 95 11 -1 1 2 
10 2 3 1 64 1 0 0 23 11 48 11 5 1 2 
10 2 3 1 64 1 0 0 21 11 48 11 5 1 2 
10 0 3 1 82 1 0 1 23 11 84 11 14 1 2 
10 0 3 1 82 1 0 1 24 11 84 11 14 1 2 
10 0 3 1 82 1 0 1 24 11 84 11 -1 1 2 
10 0 3 1 82 1 0 1 1 11 84 11 14 1 2 
10 2 3 1 82 1 0 1 1 11 84 11 14 1 2 
10 2 3 1 82 1 0 1 1 11 84 1 14 1 2 
10 2 3 1 82 1 0 1 1 11 95 11 14 1 2 
10 2 3 1 82 1 0 1 1 11 60 1 14 1 2 
10 2 3 1 82 1 0 1 1 11 48 1 14 1 2 
10 2 3 1 82 1 0 1 1 11 99 1 14 1 2 
10 0 3 0 64 0 0 0 23 11 84 11 14 1 2 
10 0 3 0 64 0 0 0 23 0 84 11 14 1 2 
10 0 3 0 64 0 0 0 1 11 84 11 14 1 2 
10 0 3 0 64 0 0 0 23 11 52 11 14 1 2 
10 0 3 0 42 0 0 0 23 11 52 11 14 1 2 
10 0 3 0 64 0 0 0 23 11 52 11 16 1 2 
10 0 3 0 64 0 0 0 23 11 40 11 16 1 2 
10 0 3 0 81 0 0 0 23 11 40 11 16 1 2 
10 0 3 0 81 0 0 0 23 11 93 11 16 1 2 
10 0 3 0 81 0 0 0 23 11 93 11 -1 1 2 
10 2 3 1 64 1 0 0 21 11 48 14 5 1 2 
10 0 1 1 89 1 0 0 23 0 58 11 8 0 2 
10 0 1 1 18 1 0 0 23 0 58 11 8 0 2 
10 0 1 0 18 1 0 0 23 0 58 11 8 0 2 
10 0 1 1 18 1 0 1 23 0 58 11 8 0 2 
10 0 1 1 18 1 0 1 23 0 32 11 8 0 2 
10 0 2 1 18 1 0 1 23 0 58 11 8 0 2 
10 2 1 1 89 0 0 0 23 10 70 11 7 0 2 
10 0 1 1 89 0 0 0 23 10 91 14 7 0 2 
10 0 1 1 115 0 0 0 23 10 91 14 7 0 2 
10 0 1 1 89 0 0 0 23 10 91 14 8 0 2 
10 0 1 1 89 0 0 0 23 10 70 14 8 0 2 
10 0 1 1 89 0 0 0 23 10 70 14 -1 0 2 
10 0 1 1 89 0 0 0 28 10 70 14 8 0 2 
10 0 1 1 89 1 0 0 23 10 70 14 8 0 2 
10 2 1 1 89 0 0 0 1 10 99 11 7 0 2 
10 0 3 1 64 0 0 0 23 11 88 11 14 1 2 
10 0 3 1 64 0 0 0 23 11 88 28 14 1 2 
10 0 3 1 64 0 0 0 23 11 88 28 -1 1 2 
10 0 3 1 64 0 0 0 15 11 88 28 14 1 2 
10 0 3 1 64 0 0 0 15 11 91 28 14 1 2 
10 0 3 1 64 0 0 0 23 10 88 11 14 1 2 
10 0 3 1 64 0 0 0 23 10 99 11 14 1 2 
10 0 3 1 83 0 0 0 23 10 88 11 14 1 2 
10 0 3 1 83 0 0 0 23 10 88 11 -1 1 2 
10 0 3 1 83 0 0 0 23 10 92 11 -1 1 2 
10 0 3 1 83 1 0 0 23 10 92 11 -1 1 2 
10 0 3 1 26 1 0 0 23 10 92 11 -1 1 2 
10 0 3 1 83 0 0 0 21 10 88 11 14 1 2 
10 0 3 1 26 1 0 0 23 0 92 11 -1 1 2 
10 0 3 1 26 1 0 0 23 0 94 11 -1 1 2 
0 0 3 1 64 0 0 0 23 10 88 11 14 1 2 
0 0 3 1 64 0 0 0 23 10 92 11 14 1 2 
0 0 3 0 64 0 0 0 23 10 92 11 14 1 2 
0 1 3 1 64 0 0 0 23 10 92 11 14 1 2 
0 1 3 1 64 0 1 0 23 10 92 11 14 1 2 
0 0 3 1 64 0 0 0 23 10 72 11 14 1 2 
0 0 0 1 64 0 0 0 23 10 72 11 14 1 2 
10 0 3 1 64 0 0 0 15 11 80 28 14 1 2 
10 0 3 1 64 0 0 0 15 11 78 28 14 1 2 
10 0 3 1 64 0 0 0 15 11 92 28 14 1 2 
10 0 3 1 64 0 0 0 15 11 78 28 21 1 2 
10 0 3 1 64 0 0 0 15 11 91 28 21 1 2 
10 0 3 1 64 0 0 0 15 11 72 28 14 1 2 
0 0 3 1 64 0 0 0 15 11 72 28 14 1 2 
11 0 1 1 89 1 0 0 23 2 58 11 7 0 2 
11 0 1 1 89 1 0 0 31 2 58 11 7 0 2 
10 0 3 1 64 0 0 0 21 11 88 11 14 1 2 
0 0 0 1 64 0 0 0 23 10 72 44 14 1 2 
10 0 1 1 89 1 0 0 23 0 64 11 7 0 2 
0 0 1 1 89 1 0 0 23 0 64 11 7 0 2 
10 0 1 1 89 1 0 0 23 8 64 11 7 0 2 
10 0 3 1 89 1 0 0 23 8 64 11 7 0 2 
10 0 3 1 89 1 0 0 23 8 64 11 -1 0 2 
10 0 3 1 89 0 0 0 23 8 64 11 -1 0 2 
10 1 3 1 89 0 0 0 23 8 64 11 -1 0 2 
10 0 3 1 89 1 0 0 23 8 99 11 7 0 2 
10 0 1 1 89 1 0 0 23 0 64 11 3 0 2 
10 0 1 1 89 1 0 0 23 0 64 28 3 0 2 
10 0 1 1 89 1 0 0 23 0 84 28 3 0 2 
10 0 1 1 89 1 0 0 23 0 64 11 8 0 2 
10 0 1 1 89 1 0 0 23 11 64 11 8 0 2 
10 0 1 1 89 1 0 0 23 11 64 11 -1 0 2 
10 0 1 1 89 1 0 0 23 11 64 11 -1 0 3 
10 0 3 1 26 1 0 0 23 0 88 11 -1 1 2 
10 0 3 1 64 0 0 0 23 11 95 11 11 1 2 
10 0 3 1 64 0 0 0 15 10 92 28 14 1 2 
10 0 3 1 64 0 0 0 15 10 88 28 14 1 2 
2 0 1 1 89 1 0 0 23 0 64 11 7 0 2 
2 0 1 1 89 1 0 0 24 0 64 11 7 0 2 
2 0 1 1 0 1 0 0 24 0 64 11 7 0 2 
2 0 1 1 0 1 0 0 24 0 56 11 7 0 2 
2 0 1 1 0 1 0 0 24 0 95 11 7 0 2 
2 0 1 0 0 1 0 0 24 0 95 11 7 0 2 
2 0 1 1 0 1 0 0 23 0 95 11 7 0 2 
4 0 1 1 0 1 0 0 24 0 56 11 7 0 2 
4 0 1 1 0 1 0 0 24 11 56 11 7 0 2 
4 0 1 1 0 1 0 0 24 11 56 11 7 0 0 
4 0 1 1 0 1 0 1 24 11 56 11 7 0 0 
10 0 3 1 82 1 0 1 24 10 84 11 14 1 2 
10 0 3 1 82 1 0 1 24 10 84 24 14 1 2 
0 0 3 1 82 1 0 1 24 10 84 24 14 1 2 
0 0 3 1 82 1 0 1 1 10 84 24 14 1 2 
0 1 3 1 82 1 0 1 24 10 84 24 14 1 2 
0 1 3 1 82 1 0 1 24 10 95 24 14 1 2 
0 1 3 1 82 1 0 1 24 10 84 63 14 1 2 
10 2 3 0 64 0 0 0 23 11 48 11 6 1 2 
10 2 3 0 64 0 0 0 23 11 48 11 6 0 2 
10 2 3 0 64 0 0 0 23 11 99 11 6 0 2 
11 0 3 0 64 0 0 0 23 10 92 11 14 1 2 
11 0 3 0 64 0 0 0 23 10 92 11 10 1 2 
10 0 3 1 89 1 0 0 23 8 64 11 1 0 2 
10 2 3 0 64 0 0 0 23 10 48 11 6 1 2 
10 0 3 1 64 0 0 0 15 10 72 28 14 1 2 
10 0 3 1 64 0 0 0 15 10 72 28 -1 1 2 
0 0 1 1 64 0 0 0 23 11 95 11 7 1 2 
10 0 1 1 89 0 0 0 23 10 99 11 8 0 2 
10 2 1 1 89 0 0 0 23 10 99 11 4 0 2 
10 2 1 1 89 0 0 0 1 10 99 11 4 0 2 
10 2 1 1 89 0 0 0 23 10 99 11 17 0 2 
10 2 1 1 -20 0 0 0 23 10 99 11 -1 0 2 
10 0 1 1 -20 0 0 0 23 10 99 11 -1 0 2 
10 2 1 1 89 0 0 0 1 10 84 11 4 0 2 
10 2 1 1 89 1 0 0 1 10 99 11 4 0 2 
10 2 1 1 -20 1 0 0 1 10 99 11 4 0 2 
0 2 1 1 -20 1 0 0 1 10 99 11 4 0 2 
10 2 1 1 89 0 0 0 1 10 84 11 -1 0 2 
10 2 1 1 89 0 0 0 26 10 84 11 -1 0 2 
10 2 1 1 89 0 0 1 26 10 84 11 -1 0 2 
10 2 1 1 89 0 0 1 27 10 84 11 -1 0 2 
10 2 1 1 179 0 0 1 27 10 84 11 -1 0 2 
10 2 1 1 -4 0 0 1 27 10 84 11 -1 0 2 
10 2 1 1 179 0 1 1 27 10 84 11 -1 0 2 
10 0 3 1 64 0 0 0 23 11 48 11 7 1 2 
10 0 3 1 64 0 0 0 23 11 48 11 8 1 2 
10 2 3 1 64 0 0 0 23 11 48 11 8 1 2 
10 2 3 1 64 0 0 0 23 11 97 11 8 1 2 
10 2 3 1 64 0 0 0 23 11 97 11 -1 1 2 
10 2 3 1 64 0 0 0 23 11 97 11 -1 0 2 
10 2 3 1 64 0 0 0 30 11 97 11 -1 0 2 
10 0 3 1 64 0 0 0 23 11 83 11 8 1 2 
10 2 3 1 64 0 0 0 23 11 97 11 16 1 2 
10 2 3 1 64 0 0 0 29 11 97 11 16 1 2 
10 2 3 1 64 0 0 0 23 11 97 11 16 1 0 
6 0 3 1 64 0 0 0 23 11 48 11 8 1 2 
6 0 3 1 64 0 0 0 1 11 48 11 8 1 2 
6 0 3 1 64 0 0 0 23 11 61 11 8 1 2 
10 2 3 1 64 0 0 0 23 11 98 11 8 1 2 
10 0 3 1 64 0 0 0 23 11 48 11 16 1 2 
10 0 3 1 64 1 0 0 23 11 48 11 16 1 2 
6 0 3 1 64 1 0 0 1 11 48 11 8 1 2 
6 0 3 1 64 1 0 0 1 11 99 11 8 1 2 
6 0 3 1 64 1 0 0 1 11 48 7 8 1 2 
6 0 3 1 64 1 0 2 1 11 48 7 8 1 2 
6 0 3 1 64 1 0 0 1 11 46 11 8 1 2 
10 0 3 1 64 0 0 0 23 11 48 16 16 1 2 
10 0 3 1 64 0 0 0 31 11 48 16 16 1 2 
10 0 3 1 64 0 0 0 31 11 84 16 16 1 2 
6 0 3 1 64 1 0 0 1 11 48 11 16 1 2 
6 0 3 1 64 1 0 0 1 11 94 11 16 1 2 
6 0 3 0 64 1 0 0 1 11 94 11 16 1 2 
6 0 3 1 64 1 0 0 1 11 94 11 9 1 2 
6 0 3 0 64 1 0 0 1 11 94 11 16 1 0 
6 0 3 1 64 1 0 0 13 11 94 11 9 1 2 
6 0 3 0 64 1 0 0 1 11 48 11 16 1 2 
6 0 3 0 64 1 0 0 1 11 60 11 16 1 2 
6 0 3 1 64 1 0 0 1 11 72 11 9 1 2 
10 2 3 1 64 0 0 0 1 11 97 11 16 1 2 
6 0 3 1 64 1 0 0 1 11 84 11 16 1 2 
6 0 3 1 64 1 0 0 1 11 78 11 16 1 2 
10 2 3 1 64 0 0 0 23 11 85 11 8 1 2 
6 0 3 1 64 1 0 0 1 11 48 7 14 1 2 
10 2 3 1 64 0 0 0 23 10 85 11 8 1 2 
10 2 3 1 179 0 0 0 23 10 85 11 8 1 2 
6 0 3 0 64 1 0 0 1 10 48 11 16 1 2 
10 2 3 1 64 0 0 0 23 10 84 11 8 1 2 
10 2 3 1 179 0 0 0 23 10 84 11 8 1 2 
10 2 3 1 179 0 0 0 23 10 84 11 11 1 2 
10 2 3 1 179 0 0 1 23 10 84 11 11 1 2 
10 2 3 1 179 0 0 1 23 10 84 11 11 1 0 
0 2 3 1 179 0 0 1 23 10 84 11 11 1 0 
0 2 3 1 2 0 0 1 23 10 84 11 11 1 0 
0 2 3 1 2 0 0 1 27 10 84 11 11 1 0 
10 2 3 1 179 0 0 1 23 10 78 11 11 1 2 
10 0 3 1 179 0 0 1 23 10 78 11 11 1 2 
10 0 3 1 179 0 0 1 23 10 99 11 11 1 2 
10 2 3 1 179 1 0 1 23 10 78 11 11 1 2 
10 2 3 1 179 1 0 1 23 10 99 11 11 1 2 
10 0 3 1 179 1 0 1 23 10 78 11 11 1 2 
10 2 3 1 179 1 0 1 23 10 70 11 11 1 2 
10 2 1 1 89 0 0 0 23 10 99 11 2 0 2 
10 2 1 1 89 1 0 0 23 10 99 11 2 0 2 
10 2 1 1 89 1 0 0 23 10 87 11 2 0 2 
10 0 3 1 83 0 0 0 23 10 92 11 6 1 2 
10 0 0 1 83 0 0 0 23 10 92 11 6 1 2 
10 0 0 1 78 0 0 0 23 10 92 11 6 1 2 
10 0 0 1 78 0 0 0 1 10 92 11 6 1 2 
10 0 0 1 78 1 0 0 1 10 92 11 6 1 2 
10 0 0 1 179 1 0 0 1 10 92 11 6 1 2 
10 0 0 1 179 1 0 0 1 11 92 11 6 1 2 
0 0 0 1 78 0 0 0 23 10 92 11 6 1 2 
0 0 0 1 78 0 0 2 23 10 92 11 6 1 2 
0 0 0 0 78 0 0 2 23 10 92 11 6 1 2 
10 0 0 1 83 0 0 0 23 10 92 11 8 1 2 
10 0 0 1 78 0 0 0 23 10 42 11 6 1 2 
0 0 0 0 78 0 0 2 23 10 84 11 6 1 2 
0 0 0 0 78 0 0 2 23 10 98 11 6 1 2 
2 0 0 1 78 0 0 0 23 10 92 11 6 1 2 
2 0 0 1 78 0 0 0 23 10 92 11 8 1 2 
2 0 0 1 78 0 0 0 31 10 92 11 8 1 2 
2 0 0 0 78 0 0 0 31 10 92 11 8 1 2 
2 0 0 0 12 0 0 0 31 10 92 11 8 1 2 
2 0 0 0 12 0 0 1 31 10 92 11 8 1 2 
2 0 0 0 82 0 0 1 31 10 92 11 8 1 2 
2 0 0 0 82 1 0 1 31 10 92 11 8 1 2 
2 0 0 1 78 0 0 0 31 10 90 11 8 1 2 
2 0 0 1 78 0 0 0 23 10 84 11 6 1 2 
0 0 0 0 78 0 0 2 23 10 82 11 6 1 2 
0 0 0 0 74 0 0 2 23 10 82 11 6 1 2 
0 0 0 0 74 0 0 2 23 10 82 11 6 1 0 
0 0 0 0 74 0 1 2 23 10 82 11 6 1 2 
0 0 1 0 74 0 1 2 23 10 82 11 6 1 2 
0 0 0 0 78 0 0 2 23 10 82 11 7 1 2 
0 1 0 0 74 0 0 2 23 10 82 11 6 1 2 
0 0 1 0 74 0 1 2 23 10 82 11 7 1 2 
0 0 1 0 74 0 1 2 23 10 88 11 7 1 2 
0 0 1 0 12 0 1 2 23 10 88 11 7 1 2 
0 0 1 0 74 0 1 2 15 10 88 11 7 1 2 
0 0 1 0 74 0 1 2 29 10 88 11 7 1 2 
0 0 1 1 74 0 1 2 29 10 88 11 7 1 2 
0 0 1 1 74 0 1 2 29 10 71 11 7 1 2 
0 0 1 1 74 0 1 2 29 10 99 11 7 1 2 
0 0 1 1 74 0 1 2 29 10 71 11 -1 1 2 
0 0 1 1 74 0 1 2 29 10 60 11 -1 1 2 
8 0 1 1 74 0 1 2 29 10 60 11 -1 1 2 
0 0 1 1 74 0 1 2 29 10 83 11 -1 1 2 
0 0 1 1 74 0 1 2 29 10 92 11 -1 1 2 
0 0 1 1 179 0 1 2 29 10 92 11 -1 1 2 
0 0 1 1 179 0 1 2 29 10 92 7 -1 1 2 
0 0 1 0 74 0 1 2 29 10 78 11 7 1 2 
0 0 2 1 179 0 1 2 29 10 92 11 -1 1 2 
10 0 0 1 83 0 0 0 23 10 90 11 8 1 2 
10 0 0 1 83 0 0 0 1 10 90 11 8 1 2 
10 0 0 1 83 0 0 0 13 10 90 11 8 1 2 
10 0 0 1 83 0 0 0 13 0 90 11 8 1 2 
0 0 0 0 78 0 0 2 23 10 98 11 8 1 2 
0 0 1 1 179 0 1 2 29 10 92 7 4 1 2 
0 1 1 1 179 0 1 2 29 10 92 7 4 1 2 
0 1 1 1 179 0 1 2 29 10 92 48 4 1 2 
2 0 0 0 82 0 0 1 17 10 92 11 8 1 2 
4 0 0 0 82 0 0 1 17 10 92 11 8 1 2 
4 0 0 0 82 0 0 1 17 10 94 11 8 1 2 
4 0 0 0 82 0 0 1 17 10 95 11 8 1 2 
4 0 0 0 82 0 0 1 17 10 90 11 8 1 2 
4 0 0 1 82 0 0 1 17 10 90 11 8 1 2 
2 0 0 0 82 0 0 1 17 10 90 11 8 1 2 
4 0 0 0 82 0 0 1 17 10 84 11 8 1 2 
4 0 0 0 82 0 0 1 17 10 88 11 8 1 2 
4 2 0 0 82 0 0 1 17 10 88 11 8 1 2 
2 0 0 0 78 0 0 0 1 10 92 11 8 1 2 
0 0 0 0 78 0 0 2 23 10 85 11 8 1 2 
10 0 3 1 64 0 0 0 23 10 88 28 14 1 2 
10 0 1 1 89 0 0 0 23 0 70 14 8 0 2 
10 0 1 1 102 0 0 0 23 0 70 14 8 0 2 
10 0 3 1 82 1 0 0 23 10 84 11 14 1 2 
10 0 3 1 64 1 0 0 23 10 48 11 16 1 2 
10 0 3 1 64 1 0 0 23 10 66 11 16 1 2 
10 0 3 1 64 0 0 0 23 10 66 11 16 1 2 
10 0 3 1 64 0 0 0 23 10 48 11 16 1 2 
10 0 3 1 64 0 0 0 23 10 46 11 16 1 2 
10 0 3 1 64 0 0 0 17 11 48 16 16 1 2 
10 0 3 1 64 0 0 0 17 11 48 16 -1 1 2 
10 0 3 1 64 0 0 0 17 11 60 16 -1 1 2 
10 0 0 1 64 0 0 0 17 11 60 16 -1 1 2 
10 0 0 1 64 0 0 0 17 0 60 16 -1 1 2 
10 0 3 1 64 0 0 0 17 11 83 16 16 1 2 
10 0 3 1 64 0 0 0 17 11 83 16 16 1 0 
10 0 3 1 64 0 0 0 17 11 48 16 8 1 2 
0 0 3 1 64 0 0 0 1 11 90 11 -1 1 2 
0 0 3 1 64 0 0 0 1 11 94 11 -1 1 2 
0 0 3 1 64 0 0 0 1 10 95 11 14 1 2 
2 0 1 0 0 1 0 0 24 0 94 11 7 0 2 
8 0 1 1 74 0 1 2 25 10 60 11 -1 1 2 
10 0 1 1 89 0 0 0 23 10 70 14 1 0 2 
10 0 1 1 89 0 0 0 23 10 92 11 7 0 2 
0 0 1 1 89 0 0 0 23 10 92 11 7 0 2 
0 0 1 0 89 0 0 0 23 10 92 11 7 0 2 
0 0 1 0 89 0 0 0 23 10 92 11 7 1 2 
0 0 1 0 89 0 0 0 23 10 92 11 8 1 2 
10 1 3 1 89 0 0 0 23 8 64 11 6 0 2 
10 1 3 0 89 0 0 0 23 8 64 11 6 0 2 
10 2 1 1 89 0 0 0 23 10 64 11 17 0 2 
11 2 1 1 89 0 0 0 23 10 64 11 17 0 2 
11 2 3 1 89 0 0 0 23 10 64 11 17 0 2 
11 2 3 1 89 0 0 0 23 10 97 11 17 0 2 
11 2 3 1 89 0 0 0 23 10 64 11 -1 0 2 
6 2 1 1 89 0 0 0 23 10 64 11 17 0 2 
10 2 3 1 89 0 0 0 23 10 64 11 17 0 2 
10 2 3 1 89 0 0 0 23 10 64 47 17 0 2 
10 2 0 1 89 0 0 0 23 10 64 47 17 0 2 
2 0 0 1 78 0 0 0 23 10 90 11 8 1 2 
11 0 0 1 78 0 0 0 23 10 90 11 8 1 2 
11 0 0 1 78 0 0 0 31 10 90 11 8 1 2 
11 0 0 1 78 0 0 0 23 10 94 11 8 1 2 
11 0 0 1 78 0 0 0 23 10 99 11 8 1 2 
11 0 0 1 78 0 0 0 25 10 90 11 8 1 2 
11 0 0 1 78 0 0 0 23 10 88 11 8 1 2 
11 0 0 1 52 0 0 0 23 10 88 11 8 1 2 
11 0 0 1 52 0 0 0 23 10 68 11 8 1 2 
10 0 0 1 52 0 0 0 23 10 88 11 8 1 2 
10 0 0 0 52 0 0 0 23 10 88 11 8 1 2 
10 0 0 0 52 0 0 0 23 10 72 11 8 1 2 
10 0 0 0 52 0 0 0 23 10 72 11 -1 1 2 
10 0 0 0 52 0 0 0 27 10 72 11 8 1 2 
10 0 0 1 52 0 0 0 23 0 88 11 8 1 2 
10 0 0 1 52 0 0 0 27 0 88 11 8 1 2 
11 0 0 1 78 1 0 0 23 10 94 11 8 1 2 
11 0 0 1 78 1 0 0 23 10 94 11 8 1 0 
10 0 0 1 52 0 0 0 23 11 88 11 8 1 2 
10 0 0 1 52 0 0 0 23 11 88 11 8 0 2 
10 0 0 1 52 0 0 0 23 11 88 11 -1 0 2 
10 0 0 1 -18 0 0 0 23 11 88 11 -1 0 2 
10 0 0 1 52 0 0 0 23 6 88 11 8 1 2 
2 0 1 1 0 1 0 0 23 0 85 11 7 0 2 
2 0 1 1 0 1 0 0 23 0 95 11 11 0 2 
2 0 1 1 0 1 0 0 26 0 95 11 11 0 2 
2 0 1 1 164 1 0 0 26 0 95 11 11 0 2 
2 0 1 1 0 1 0 0 21 0 85 11 7 0 2 
2 0 1 1 0 1 0 0 21 0 85 11 7 1 2 
2 0 1 0 0 1 0 0 21 0 85 11 7 1 2 
2 0 1 0 0 1 0 0 21 0 85 11 8 1 2 
2 0 1 0 0 1 0 0 21 0 82 11 8 1 2 
2 0 1 0 0 1 0 0 21 0 96 11 8 1 2 
2 0 1 0 0 1 0 0 21 0 82 11 -1 1 2 
2 0 1 1 0 1 0 0 21 0 82 11 8 1 2 
2 1 1 1 0 1 0 0 21 0 82 11 8 1 2 
2 1 1 1 0 1 0 0 21 0 52 11 8 1 2 
2 0 1 1 164 1 0 0 26 0 94 11 11 0 2 
2 0 1 1 148 1 0 0 26 0 94 11 11 0 2 
2 0 1 0 0 1 0 0 21 0 72 11 8 1 2 
2 0 1 0 0 1 0 0 21 0 99 11 8 1 2 
2 0 1 0 0 1 0 0 21 0 72 11 -1 1 2 
0 0 1 0 0 1 0 0 21 0 72 11 8 1 2 
0 0 1 0 0 1 0 0 21 0 70 11 8 1 2 
0 0 1 0 0 1 0 0 21 0 99 11 8 1 2 
0 0 1 0 0 1 0 0 21 0 40 11 8 1 2 
2 0 1 0 52 1 0 0 21 0 72 11 -1 1 2 
2 0 1 1 0 1 0 0 26 0 94 11 11 0 2 
2 0 1 1 0 1 0 0 26 0 62 11 11 0 2 
2 0 1 1 0 1 0 0 26 0 94 16 11 0 2 
2 0 1 1 0 1 0 1 26 0 94 11 11 0 2 
2 0 1 1 0 1 0 1 26 0 90 11 11 0 2 
2 0 1 1 0 1 0 0 23 0 88 11 11 0 2 
0 0 1 1 0 1 0 0 23 0 88 11 11 0 2 
0 0 3 1 0 1 0 0 23 0 88 11 11 0 2 
0 0 3 1 0 1 0 0 23 3 88 11 11 0 2 
0 0 3 1 0 0 0 0 23 3 88 11 11 0 2 
0 0 3 1 0 0 0 2 23 3 88 11 11 0 2 
0 0 3 1 0 0 1 0 23 3 88 11 11 0 2 
0 0 3 1 0 1 1 0 23 3 88 11 11 0 2 
0 0 3 1 0 1 1 0 23 3 96 11 11 0 2 
2 0 1 1 0 1 0 1 23 0 88 11 11 0 2 
2 0 1 1 0 1 0 1 23 0 88 56 11 0 2 
0 0 3 1 0 1 1 0 23 3 80 11 11 0 2 
0 0 3 1 0 0 0 0 23 3 72 11 11 0 2 
2 0 1 0 52 1 0 1 21 0 72 11 -1 1 2 
2 0 1 0 52 1 0 1 21 0 72 11 7 1 2 
2 0 1 0 52 1 0 1 21 7 72 11 7 1 2 
2 0 1 0 52 1 1 1 21 7 72 11 7 1 2 
2 0 1 0 52 1 1 1 21 7 72 11 -1 1 2 
2 1 1 0 52 1 1 1 21 7 72 11 -1 1 2 
2 1 1 0 52 1 1 1 21 7 16 11 -1 1 2 
2 1 1 0 52 1 1 1 21 7 68 11 -1 1 2 
2 2 1 0 52 1 1 1 21 7 68 11 -1 1 2 
2 0 1 0 52 0 1 1 21 7 72 11 7 1 2 
2 1 1 0 52 0 1 1 21 7 72 11 7 1 2 
2 1 1 0 52 0 1 1 21 7 72 34 7 1 2 
3 0 1 0 52 0 1 1 21 7 72 11 7 1 2 
2 1 1 0 52 0 1 1 21 7 62 11 7 1 2 
2 1 1 0 52 1 1 1 21 7 68 11 8 1 2 
2 1 1 0 52 1 1 1 21 7 72 11 1 1 2 
2 1 1 0 52 0 1 1 21 7 62 11 8 1 2 
2 1 1 0 52 0 1 1 1 7 62 11 8 1 2 
3 1 1 0 52 0 1 1 21 7 62 11 8 1 2 
3 1 1 0 26 0 1 1 21 7 62 11 8 1 2 
3 1 1 0 26 0 1 1 21 7 62 11 8 1 0 
3 1 1 0 26 0 1 2 21 7 62 11 8 1 0 
3 1 1 0 26 0 1 2 21 7 62 11 -1 1 0 
3 1 1 1 26 0 1 2 21 7 62 11 8 1 0 
3 1 1 1 26 0 1 2 21 7 96 11 8 1 0 
3 1 1 0 52 0 1 1 21 7 99 11 8 1 2 
3 1 1 0 26 0 1 1 21 0 62 11 8 1 0 
3 1 1 0 52 0 1 1 21 7 56 11 8 1 2 
3 1 1 0 52 0 1 1 21 7 48 11 8 1 2 
3 1 1 0 52 0 1 1 21 7 48 11 15 1 2 
3 1 1 0 52 0 1 1 21 7 99 11 15 1 2 
3 1 1 0 52 0 1 1 21 0 99 11 15 1 2 
11 1 1 0 52 0 1 1 21 7 48 11 8 1 2 
4 1 1 0 52 0 1 1 21 7 56 11 8 1 2 
4 1 1 0 26 0 1 1 21 7 56 11 8 1 2 
4 1 1 0 52 1 1 1 21 7 56 11 8 1 2 
4 1 1 0 52 1 1 1 21 7 99 11 8 1 2 
4 1 1 0 52 1 1 1 21 7 99 30 8 1 2 
4 1 1 0 52 1 1 1 21 0 56 11 8 1 2 
4 1 1 0 52 1 1 1 21 0 59 11 8 1 2 
4 1 1 0 52 1 1 1 21 0 46 11 8 1 2 
7 1 1 0 52 1 1 1 21 7 56 11 8 1 2 
4 1 1 0 52 0 1 1 21 7 68 11 8 1 2 
4 1 1 0 52 0 1 1 21 7 96 11 8 1 2 
0 1 1 0 52 0 1 1 21 7 56 11 8 1 2 
0 1 1 0 52 0 1 1 21 7 99 11 8 1 2 
4 1 1 0 52 0 1 1 21 7 48 11 8 1 2 
3 1 1 0 65 0 1 1 21 7 62 11 8 1 0 
3 1 1 0 65 0 1 1 21 7 62 11 -1 1 0 
3 1 1 0 65 0 1 1 21 7 60 11 -1 1 0 
3 2 1 0 65 0 1 1 21 7 60 11 -1 1 0 
4 1 1 0 52 0 0 1 21 7 56 11 8 1 2 
4 1 1 0 52 1 1 1 21 7 64 11 8 1 2 
11 1 1 0 52 0 1 1 21 7 56 11 8 1 2 
2 0 1 1 0 1 0 0 26 0 92 16 11 0 2 
2 0 1 1 0 1 0 0 26 0 97 16 11 0 2 
2 0 1 1 0 1 0 1 26 0 97 16 11 0 2 
2 0 1 1 0 1 0 1 26 0 97 16 -1 0 2 
2 0 1 1 146 1 0 1 26 0 97 16 -1 0 2 
2 0 1 1 179 1 0 1 26 0 97 16 -1 0 2 
2 0 1 1 0 1 0 2 26 0 97 16 -1 0 2 
2 0 1 1 0 0 0 2 26 0 97 16 -1 0 2 
2 0 1 1 0 1 1 2 26 0 97 16 -1 0 2 
2 0 1 1 0 1 1 2 26 0 88 16 -1 0 2 
2 0 1 1 0 0 1 2 26 0 97 16 -1 0 2 
2 0 1 1 0 1 0 0 26 0 82 16 11 0 2 
2 0 1 1 0 1 0 2 26 0 22 16 -1 0 2 
2 0 1 1 0 1 0 0 26 0 82 16 -1 0 2 
2 0 1 1 0 1 0 0 21 0 82 16 -1 0 2 
2 0 1 1 0 1 0 0 26 0 82 16 -1 0 3 
2 0 1 1 146 1 0 1 26 0 97 16 16 0 2 
2 0 1 1 146 1 0 1 26 11 97 16 16 0 2 
2 0 1 1 0 1 0 1 26 0 56 16 -1 0 2 
2 0 1 1 0 1 0 1 26 0 99 16 -1 0 2 
2 0 1 1 28 1 0 1 26 0 99 16 -1 0 2 
2 2 1 1 28 1 0 1 26 0 99 16 -1 0 2 
2 0 1 1 0 1 0 1 26 0 56 16 -1 0 0 
2 0 1 1 0 1 0 1 26 11 97 16 11 0 2 
2 0 1 1 0 1 0 1 26 11 96 16 11 0 2 
2 0 1 1 0 1 0 1 26 11 94 16 11 0 2 
0 0 1 1 0 1 0 1 26 11 94 16 11 0 2 
2 0 1 1 0 1 0 0 21 0 82 16 1 0 2 
2 0 1 1 0 1 0 0 27 0 82 16 1 0 2 
2 0 3 1 0 1 0 0 21 0 82 16 1 0 2 
2 0 3 1 0 1 0 0 21 0 82 25 1 0 2 
2 0 3 1 0 1 0 0 21 0 82 25 8 0 2 
8 0 3 1 0 1 0 0 21 0 82 25 8 0 2 
2 0 3 1 0 1 0 0 21 2 82 25 8 0 2 
2 0 3 1 0 1 0 0 21 2 92 25 8 0 2 
3 1 1 0 52 0 1 1 21 7 90 11 8 1 2 
3 1 1 0 52 0 1 1 21 7 90 1 8 1 2 
3 1 1 0 144 0 1 1 21 7 90 1 8 1 2 
3 1 1 0 144 0 1 1 21 7 94 1 8 1 2 
3 1 1 0 141 0 1 1 21 7 90 11 8 1 2 
3 1 1 0 28 0 1 1 21 7 90 11 8 1 2 
3 1 1 0 28 0 1 1 21 7 72 11 8 1 2 
3 1 1 0 28 0 1 1 21 7 88 11 8 1 2 
3 1 1 0 26 0 1 1 21 11 62 11 8 1 0 
2 2 1 0 52 1 1 1 21 7 68 11 1 1 2 
2 2 1 0 178 1 1 1 21 7 68 11 1 1 2 
6 0 3 1 64 1 0 0 16 11 46 11 8 1 2 
10 0 3 1 64 0 0 0 21 11 86 11 14 1 2 
10 0 3 1 64 0 0 0 21 0 86 11 14 1 2 
0 0 3 1 64 0 0 0 21 0 86 11 14 1 2 
10 0 3 1 64 0 0 1 21 0 86 11 14 1 2 
0 1 3 1 64 0 0 0 21 0 86 11 14 1 2 
0 1 3 1 64 0 0 0 21 0 72 11 14 1 2 
10 0 3 1 64 0 0 1 21 0 86 29 14 1 2 
10 0 3 1 64 0 0 1 21 0 86 29 -1 1 2 
10 0 3 1 64 0 0 1 21 0 90 29 14 1 2 
10 0 3 1 64 0 0 1 21 0 54 29 14 1 2 
6 0 3 1 64 0 0 1 21 0 54 29 14 1 2 
6 0 0 1 64 0 0 1 21 0 54 29 14 1 2 
6 0 0 1 64 0 0 1 21 0 54 29 -1 1 2 
6 0 0 1 64 0 0 1 21 11 54 29 -1 1 2 
6 0 0 1 58 0 0 1 21 0 54 29 14 1 2 
6 0 0 1 64 0 0 2 21 0 54 29 -1 1 2 
6 0 0 1 64 0 0 2 21 0 94 29 -1 1 2 
6 0 0 1 64 0 0 1 21 0 32 29 14 1 2 
6 0 0 1 64 0 0 1 21 0 99 29 14 1 2 
6 0 0 1 64 0 0 1 21 0 88 29 14 1 2 
6 0 0 1 64 0 0 1 21 0 88 29 14 0 2 
6 0 0 1 64 0 0 1 21 0 88 1 14 0 2 
11 0 0 1 64 0 0 1 21 0 88 1 14 0 2 
6 0 0 1 64 0 0 1 21 0 84 1 14 0 2 
