1 0 6 8 6 9 0 1 24 27 23 17 
1 0 24 4 1 4 3 1 4 18 79 33 
1 5 23 7 0 8 5 1 1 6 57 21 
2 0 16 10 4 9 2 0 7 7 83 4 
1 0 16 10 4 9 2 0 7 7 83 4 
2 2 31 1 5 12 2 0 75 8 67 2 
2 4 30 14 1 8 4 1 22 21 2 35 
2 5 7 8 0 9 4 1 38 36 88 10 
2 5 30 6 3 13 4 0 58 38 58 0 
2 5 30 6 3 13 4 0 58 38 60 0 
2 5 37 6 3 13 4 0 58 38 60 0 
2 5 30 0 3 13 4 0 58 38 60 0 
2 5 30 0 3 13 4 0 0 38 60 0 
2 5 30 0 3 13 4 0 58 38 99 0 
2 5 30 0 3 13 4 0 58 12 60 0 
2 5 30 0 3 13 5 0 58 12 60 0 
2 5 30 6 3 13 4 0 58 38 60 1 
2 5 30 0 3 13 4 0 58 38 99 2 
2 6 3 2 2 0 4 1 3 4 67 8 
2 6 11 12 6 13 4 0 35 33 8 35 
2 7 7 12 1 13 4 1 20 23 1 10 
2 7 11 3 1 11 0 1 5 17 37 25 
3 0 6 2 0 13 2 1 59 18 91 3 
3 3 5 12 4 12 5 0 1 18 70 33 
3 3 5 12 4 12 5 0 0 18 70 33 
3 3 5 12 4 12 0 0 0 18 70 33 
4 3 5 12 4 12 0 0 0 18 70 33 
3 4 6 4 0 10 5 1 57 29 93 1 
3 5 28 13 4 9 3 1 0 24 80 0 
3 6 18 15 5 8 0 0 16 3 4 26 
3 6 14 15 5 8 0 0 16 3 4 26 
4 6 14 15 5 8 0 0 16 3 4 26 
4 6 14 14 5 8 0 0 16 3 4 26 
4 0 36 11 6 13 2 0 24 37 27 39 
4 0 36 11 6 13 2 0 24 37 27 0 
1 0 36 11 6 13 2 0 24 37 27 0 
1 0 36 11 6 13 2 0 24 37 27 2 
4 4 10 13 4 13 2 0 42 37 30 5 
4 5 23 1 2 6 0 0 8 37 41 20 
5 1 31 4 5 1 2 0 3 33 84 7 
5 1 31 4 5 1 2 0 4 33 84 7 
5 1 37 8 6 6 2 1 66 17 42 1 
5 3 16 6 4 8 5 1 14 24 19 0 
5 6 22 1 6 2 1 0 0 37 29 30 
5 7 22 3 5 11 1 0 12 13 20 24 
6 2 8 1 2 12 1 1 1 1 17 21 
6 3 1 3 4 6 5 0 1 34 69 11 
6 3 25 3 6 3 5 0 22 24 15 7 
6 3 25 3 6 3 5 0 22 24 15 0 
6 3 35 14 1 4 3 0 9 15 6 31 
6 3 35 8 1 4 3 0 9 15 6 31 
7 1 6 7 1 11 1 0 3 15 31 28 
7 1 31 12 4 0 3 0 11 3 12 4 
7 1 31 12 4 0 3 0 11 4 12 4 
7 2 22 6 1 12 3 0 2 34 15 30 
7 2 22 6 1 12 3 0 2 34 0 30 
7 3 19 13 5 13 2 0 3 20 82 8 
7 3 19 14 5 13 2 0 3 20 82 8 
1 3 19 14 5 13 2 0 3 20 82 8 
4 3 19 14 5 13 2 0 3 20 82 8 
1 3 19 14 5 12 2 0 3 20 82 8 
7 4 8 3 1 10 4 0 2 3 21 31 
8 0 2 7 0 0 2 1 2 29 13 22 
8 0 30 7 1 10 1 1 9 13 19 38 
8 3 27 2 5 4 0 1 7 29 10 23 
8 3 39 4 1 11 2 1 9 16 46 29 
8 6 25 6 4 7 2 0 6 19 39 8 
9 1 15 2 0 3 0 0 4 6 21 15 
9 3 18 6 0 11 2 1 0 25 17 10 
9 6 18 0 2 11 3 1 0 36 16 19 
7 6 18 0 2 11 3 1 0 36 16 19 
7 4 8 0 0 9 4 0 5 13 5 29 
4 6 18 0 3 2 4 1 5 32 4 6 
4 6 18 0 3 2 4 1 5 32 4 0 
6 2 8 1 2 12 1 1 4 1 3 0 
9 0 19 12 3 2 5 1 6 0 70 0 
6 2 25 2 2 3 2 0 6 21 50 36 
8 2 25 2 2 3 2 0 6 21 50 36 
9 2 25 2 2 3 2 0 6 21 50 36 
6 5 30 6 3 13 5 0 8 38 60 1 
6 5 30 6 3 13 5 0 8 38 16 1 
4 6 5 7 1 6 2 0 8 35 0 26 
1 6 5 7 1 6 2 0 8 35 0 26 
3 4 34 0 2 10 4 1 7 4 74 37 
8 3 1 8 3 12 4 1 6 35 0 34 
8 3 1 8 3 12 0 1 6 35 0 34 
9 4 39 11 6 7 4 0 6 35 56 36 
1 1 4 11 1 6 1 1 6 28 14 16 
2 2 16 14 6 13 4 0 25 14 10 33 
6 5 31 6 3 13 5 0 4 38 60 1 
8 3 38 10 0 6 1 0 4 30 20 28 
8 6 26 11 3 3 4 0 3 38 4 36 
8 7 0 1 3 4 0 1 4 12 97 34 
9 3 37 6 0 11 2 1 8 25 17 10 
9 3 37 6 0 11 2 1 8 25 17 6 
2 1 6 14 4 0 0 1 9 38 35 2 
2 1 6 14 4 0 1 1 9 38 35 2 
2 1 6 14 4 0 1 1 22 38 35 2 
2 3 3 2 1 4 1 1 0 0 98 28 
6 5 11 14 0 9 0 1 0 18 3 0 
6 5 11 14 0 9 0 1 0 18 5 0 
9 3 37 6 0 11 2 1 4 25 17 39 
9 3 37 6 0 11 2 1 0 25 17 39 
3 1 25 0 5 13 4 0 13 37 40 15 
9 7 0 12 3 13 2 0 6 0 88 3 
9 7 36 12 3 13 2 0 6 0 88 3 
5 3 12 13 6 8 0 1 7 39 44 6 
1 3 12 13 6 8 0 1 7 39 44 6 
1 3 12 0 6 8 0 1 7 39 44 6 
5 3 12 0 6 8 0 1 7 39 44 6 
7 7 10 4 5 10 3 0 7 37 0 18 
7 7 28 0 1 12 1 0 7 11 9 26 
2 5 6 2 6 6 4 1 19 29 15 22 
2 5 6 2 6 6 5 1 19 29 15 22 
2 5 6 0 6 6 4 1 19 29 15 22 
2 5 30 6 3 13 4 0 5 38 92 39 
3 6 0 4 2 2 3 1 4 30 79 25 
4 5 39 8 4 3 0 1 6 36 30 31 
7 5 39 8 4 3 0 1 6 36 30 31 
4 6 18 7 3 2 4 1 5 32 0 6 
5 5 38 4 3 6 5 1 10 22 14 32 
9 0 4 9 3 9 3 1 0 38 75 0 
6 6 0 5 2 0 5 0 0 29 3 24 
7 1 11 14 5 9 4 0 10 1 30 0 
7 1 11 14 5 9 4 0 10 2 30 0 
1 1 11 14 5 9 4 0 10 2 30 0 
1 1 35 14 5 9 4 0 10 2 30 0 
7 2 26 9 3 0 4 0 11 14 16 29 
7 2 26 0 3 0 4 0 11 14 16 29 
7 7 31 1 6 5 3 0 12 17 33 0 
7 7 26 1 6 5 3 0 12 17 33 0 
8 4 14 0 1 12 1 0 0 35 68 9 
8 4 27 5 2 11 5 0 11 34 0 23 
8 6 24 4 0 13 4 1 10 13 0 30 
9 3 17 6 0 11 2 1 0 25 17 39 
7 3 17 6 0 11 2 1 0 25 17 39 
1 3 17 6 0 11 2 1 0 25 17 39 
7 3 39 6 0 11 5 1 11 25 3 39 
8 2 8 5 3 13 0 1 20 35 22 0 
6 5 11 14 0 9 0 1 0 18 57 0 
1 1 3 10 1 7 2 1 0 24 33 9 
1 1 0 10 1 7 2 1 0 24 33 9 
6 7 35 6 4 12 1 1 0 36 2 5 
6 7 35 6 4 12 1 1 28 36 2 5 
3 6 15 8 4 13 5 1 0 19 66 3 
3 6 38 8 4 13 5 1 0 19 66 3 
3 6 38 9 3 6 4 1 18 10 4 22 
7 6 2 12 5 9 2 0 0 32 92 30 
8 6 30 10 6 5 3 1 0 2 61 29 
8 6 30 10 6 5 3 1 3 2 61 29 
8 6 1 10 6 5 3 1 0 2 61 29 
8 0 1 10 6 5 3 1 0 2 61 29 
9 5 0 14 1 4 5 0 3 5 87 36 
6 3 8 0 0 6 4 0 14 34 1 9 
7 1 38 10 2 5 1 1 0 18 4 19 
8 2 25 2 2 3 2 0 8 21 50 36 
8 2 22 2 2 3 2 0 8 21 50 36 
8 4 14 15 3 6 4 1 10 35 4 19 
1 4 8 3 0 5 4 0 5 11 43 28 
1 4 8 3 0 8 4 0 5 11 43 28 
5 4 8 3 0 8 4 0 5 11 43 28 
5 4 8 3 0 8 4 0 5 11 0 28 
2 0 17 6 2 4 1 1 0 19 85 20 
2 0 17 0 2 4 1 1 0 19 85 22 
6 0 17 0 2 4 1 1 7 19 85 22 
2 3 2 1 0 2 1 1 0 22 1 27 
2 3 2 1 0 2 1 1 4 22 1 27 
6 4 39 11 2 11 2 0 0 27 0 13 
