2 29 5 0 9 2 2 1 12 0 13 14 
3 31 7 5 6 2 4 1 12 33 42 30 
3 31 7 5 6 2 4 1 10 33 42 30 
3 33 4 3 2 4 1 0 13 35 2 37 
4 0 8 0 2 4 4 1 5 24 43 10 
4 27 12 1 3 3 3 1 0 27 1 8 
4 27 12 1 3 0 3 1 0 27 1 8 
5 1 12 6 0 0 0 1 20 26 32 14 
6 9 15 6 1 0 4 0 12 5 29 22 
7 9 4 2 7 2 1 1 0 32 31 36 
7 9 4 2 7 2 1 1 4 32 31 36 
7 19 6 1 1 4 3 0 2 31 60 23 
7 28 6 1 1 4 3 0 2 31 60 23 
7 28 6 1 1 4 3 0 2 31 60 20 
0 22 1 4 7 0 4 1 13 13 12 38 
0 29 6 2 1 2 2 1 4 39 43 12 
0 32 7 1 7 0 4 1 25 7 12 25 
1 33 11 2 12 2 2 1 2 14 65 11 
1 38 11 2 12 2 2 1 2 14 65 11 
3 14 1 2 8 5 4 0 11 17 24 4 
3 14 10 1 5 5 2 1 5 33 10 33 
3 35 10 1 5 5 2 1 5 33 10 33 
5 30 2 6 0 5 2 0 7 20 22 23 
6 24 15 3 7 1 0 0 0 23 56 13 
6 24 15 3 7 1 0 0 0 38 56 13 
7 12 8 3 4 4 4 1 8 24 25 34 
7 23 9 6 8 2 1 1 56 35 32 5 
7 36 14 1 8 0 1 1 4 19 65 18 
7 36 15 1 8 0 1 1 4 19 65 18 
7 36 15 1 8 0 1 1 0 19 65 18 
7 0 15 1 8 0 1 1 0 19 65 18 
7 36 15 1 13 0 1 1 4 19 65 18 
7 36 15 1 13 0 1 1 4 19 0 18 
7 36 15 1 13 0 1 1 0 19 65 18 
7 36 15 1 13 0 1 1 0 19 0 18 
7 36 15 1 8 0 1 1 4 19 12 18 
7 36 15 1 8 0 1 1 4 19 65 22 
7 36 15 1 8 0 1 1 4 19 0 22 
7 36 15 1 13 0 1 1 0 19 4 18 
7 36 15 1 13 0 1 1 4 19 4 18 
1 4 12 2 0 5 3 1 5 4 96 20 
1 4 15 2 0 5 3 1 5 4 96 20 
1 4 12 2 0 5 3 1 0 4 96 20 
4 8 1 1 5 2 0 0 7 15 76 38 
5 7 11 6 7 5 2 0 9 1 29 18 
5 21 7 4 10 5 1 0 60 34 34 6 
7 9 4 4 6 5 2 1 9 39 57 34 
0 1 8 4 3 5 3 1 28 18 6 34 
0 1 8 4 3 5 3 1 28 0 6 34 
0 2 8 4 3 5 3 1 28 0 6 34 
0 9 0 1 7 3 1 1 1 35 20 12 
0 39 0 1 7 3 1 1 1 35 20 12 
0 12 9 4 12 1 4 0 8 18 69 38 
0 12 9 4 12 1 4 1 8 18 69 38 
0 12 9 4 12 4 4 1 8 18 69 38 
1 2 0 2 5 1 2 1 4 15 66 4 
1 2 0 2 5 0 2 1 4 15 66 4 
0 2 0 2 5 0 2 1 4 15 66 4 
3 0 15 2 0 5 0 0 3 25 42 6 
3 0 15 2 0 5 4 0 3 25 42 6 
3 2 15 2 0 5 4 0 3 25 42 6 
4 4 5 6 10 1 0 0 9 31 51 34 
4 4 5 6 10 1 0 0 9 31 4 34 
4 4 5 6 10 1 0 0 0 31 4 34 
5 10 8 6 12 3 0 1 9 27 38 2 
5 0 8 6 12 3 0 1 9 27 38 2 
5 24 4 0 13 5 2 1 5 35 43 34 
5 24 7 0 13 5 2 1 5 35 43 34 
7 3 15 2 9 4 4 0 6 31 33 39 
7 3 10 2 9 4 4 0 6 31 33 39 
0 0 10 5 3 0 0 1 11 3 7 5 
0 39 4 3 9 1 4 0 14 38 69 30 
1 18 11 2 12 5 3 0 7 35 50 2 
1 35 11 2 12 5 3 0 7 35 50 2 
1 35 11 2 13 5 3 0 7 35 50 2 
1 35 11 2 13 5 3 0 7 35 30 2 
1 34 11 2 13 5 3 0 7 35 50 2 
1 34 11 2 13 5 3 0 7 35 44 2 
1 28 10 5 12 3 4 0 36 39 10 21 
2 1 11 3 6 3 2 0 12 36 14 39 
2 29 2 3 9 3 3 1 19 34 18 12 
2 39 11 4 12 1 0 0 16 39 47 24 
5 24 7 1 7 1 1 0 4 26 30 35 
5 24 7 1 7 1 1 0 4 26 30 0 
5 24 0 1 7 1 1 0 4 26 30 0 
5 31 5 2 12 4 4 1 20 29 19 35 
7 21 11 1 12 0 2 0 2 31 10 32 
1 39 1 3 7 5 2 0 71 0 31 5 
5 10 0 4 5 5 3 1 0 22 96 10 
5 18 4 4 2 5 0 1 1 20 52 27 
6 11 7 5 5 5 1 1 15 18 6 8 
0 2 5 1 8 0 0 0 52 15 77 7 
0 2 5 1 13 0 0 0 52 15 77 7 
0 31 1 2 11 0 3 0 10 23 85 36 
0 37 11 0 8 3 0 0 6 31 58 13 
0 37 11 6 8 3 0 0 6 31 58 13 
1 25 2 5 4 3 4 0 3 25 72 13 
2 3 3 5 6 3 1 1 6 2 79 6 
2 34 3 5 6 3 1 1 6 2 79 6 
2 34 14 5 6 3 1 1 6 2 79 6 
2 7 6 5 6 0 1 0 10 36 35 3 
2 28 15 4 0 1 4 0 5 2 95 12 
2 35 8 4 7 1 0 1 4 7 65 12 
3 16 14 4 11 5 0 0 14 3 36 35 
3 16 14 4 11 5 0 0 14 3 36 38 
3 27 2 3 13 4 0 0 57 36 31 4 
3 27 14 3 13 4 0 0 57 36 31 4 
3 27 2 3 13 4 0 0 57 36 31 0 
4 22 12 0 5 1 3 1 2 11 98 33 
6 14 11 1 12 5 4 0 21 22 12 17 
6 36 10 3 7 0 0 0 9 36 76 33 
5 17 12 3 8 1 0 1 2 13 27 35 
6 6 12 4 2 5 3 0 2 22 37 35 
6 17 6 2 1 3 3 1 3 35 18 26 
6 28 1 4 10 4 3 0 15 31 49 14 
2 35 15 1 13 2 2 0 11 39 39 32 
2 36 3 0 0 3 1 0 2 32 8 25 
3 33 2 5 3 5 2 0 0 21 91 30 
7 25 8 0 10 4 3 0 5 5 55 18 
6 28 3 4 10 4 3 0 9 31 49 14 
7 14 0 1 0 0 2 0 0 13 31 7 
4 4 5 6 10 1 0 0 5 31 0 34 
1 36 1 2 10 1 2 0 6 7 95 20 
5 0 11 2 12 2 4 1 0 35 46 0 
3 4 11 3 9 1 4 1 5 37 64 29 
2 9 0 1 13 1 0 1 6 0 44 28 
4 4 5 6 10 1 0 0 5 34 0 34 
0 2 5 1 8 0 0 0 5 15 77 39 
0 4 5 1 8 0 0 0 5 15 77 39 
0 0 5 1 8 0 0 0 5 15 77 39 
0 0 8 5 13 0 1 1 63 33 99 3 
1 35 2 4 12 4 0 1 79 28 0 13 
2 13 12 3 13 5 2 0 4 38 74 0 
5 21 15 0 13 2 1 0 10 28 41 33 
5 21 15 0 13 2 1 0 0 28 41 33 
5 21 15 0 13 2 1 0 10 28 41 35 
0 21 15 0 13 2 1 0 4 28 41 33 
7 26 7 0 5 5 4 0 7 0 38 18 
7 34 4 1 7 5 3 1 0 27 1 4 
7 0 4 1 7 5 3 1 0 27 1 4 
7 22 4 1 7 5 3 1 0 27 1 4 
7 22 11 1 7 5 3 1 0 27 1 4 
7 22 11 1 7 0 3 1 0 27 1 4 
7 32 11 1 7 0 3 1 0 27 1 4 
7 22 11 1 7 5 3 1 22 27 1 4 
7 22 11 1 7 0 3 1 13 37 1 4 
7 32 11 1 0 0 3 1 0 27 4 4 
1 0 7 2 1 1 1 0 0 24 73 12 
7 1 6 3 9 5 2 1 0 31 64 15 
3 0 1 6 2 2 1 0 0 23 94 1 
3 0 1 6 2 2 1 0 0 23 94 2 
3 0 1 6 2 0 1 0 0 23 94 2 
3 0 1 6 2 5 1 0 0 23 94 2 
3 0 1 6 2 3 1 0 0 23 94 2 
3 0 1 6 2 4 1 0 0 23 94 2 
1 0 7 6 0 4 4 0 0 29 72 13 
1 1 11 2 13 5 3 0 20 35 0 2 
1 1 11 2 13 5 3 0 22 35 0 2 
2 13 4 2 11 0 1 1 0 30 17 14 
2 13 4 2 11 0 1 1 0 5 17 14 
7 22 0 3 6 2 1 1 0 39 87 2 
7 22 0 3 6 2 1 1 0 39 14 2 
5 1 12 6 0 0 0 1 0 26 32 14 
5 1 12 6 0 0 0 1 22 26 32 14 
5 1 12 6 0 0 0 1 0 39 32 14 
5 1 12 6 0 0 0 1 22 26 32 0 
5 1 12 6 0 0 0 1 22 35 32 14 
5 1 12 6 0 0 0 1 0 35 32 14 
5 1 12 6 0 2 0 1 0 39 32 14 
7 22 11 1 7 5 3 1 0 0 99 4 
1 6 3 0 13 0 3 1 8 32 0 32 
1 0 3 0 13 0 3 1 8 32 0 32 
1 6 3 0 13 0 3 1 8 32 19 32 
1 21 15 4 6 4 0 0 7 31 46 12 
1 21 15 4 6 0 0 0 7 31 46 12 
3 39 5 5 1 3 4 0 15 3 18 8 
6 36 3 2 11 1 4 1 11 36 30 12 
6 36 10 2 11 1 4 1 11 36 30 12 
6 30 10 2 11 1 4 1 11 36 30 12 
2 39 12 4 12 4 3 0 7 17 69 13 
6 37 2 3 6 2 4 0 4 29 54 0 
7 4 5 6 10 1 0 0 12 31 4 34 
7 4 5 6 10 1 0 0 12 31 0 34 
7 4 5 6 10 1 0 0 0 31 4 34 
7 4 5 6 10 1 0 0 4 31 4 34 
4 39 14 5 11 3 2 0 5 18 38 36 
7 21 11 1 12 0 2 0 8 36 10 32 
0 0 7 5 3 3 1 0 6 13 31 10 
4 12 15 0 12 2 4 0 8 30 24 7 
4 12 15 0 12 2 4 0 0 30 24 7 
2 37 15 2 12 2 1 0 10 39 24 7 
2 37 15 2 12 2 1 0 0 39 24 7 
2 36 15 2 12 2 1 0 0 39 24 7 
2 36 12 2 12 2 1 0 0 39 24 7 
2 36 12 2 12 2 1 0 0 39 0 7 
2 37 15 2 12 2 1 0 22 39 24 7 
2 37 15 2 12 2 1 0 6 39 24 7 
7 16 4 3 3 3 2 0 4 4 44 36 
0 16 4 3 3 3 2 0 4 4 44 36 
6 36 13 0 0 1 2 1 0 12 74 18 
0 36 13 0 0 1 2 1 0 12 74 18 
0 5 4 2 11 4 2 1 11 36 8 13 
3 0 8 1 12 3 0 1 0 0 96 16 
3 1 8 1 12 3 0 1 0 0 96 16 
4 22 5 2 8 3 2 1 8 39 38 37 
3 39 1 3 11 2 3 1 8 35 82 29 
6 14 11 2 0 1 0 0 8 7 0 16 
6 14 11 2 0 2 0 0 8 7 0 16 
6 14 14 2 0 2 0 0 8 7 0 16 
6 14 14 2 0 2 0 0 8 7 0 0 
7 13 7 6 1 2 1 1 13 37 0 39 
7 36 15 1 8 0 1 1 0 19 28 0 
7 36 15 1 8 0 1 1 0 19 0 0 
7 36 12 1 8 0 1 1 0 19 0 0 
7 36 12 1 8 1 1 1 0 19 0 0 
5 0 12 6 0 0 0 1 8 35 32 14 
5 1 12 6 0 0 0 1 8 35 32 14 
7 0 15 1 7 5 3 1 5 27 1 4 
4 7 2 4 6 3 3 1 12 2 3 0 
7 35 3 0 9 2 0 0 12 37 17 19 
7 35 3 0 9 2 0 0 12 37 0 19 
7 35 3 0 13 2 0 0 12 37 17 19 
7 35 3 0 9 2 0 0 0 37 17 19 
2 35 0 4 7 1 0 1 0 0 84 12 
7 36 15 1 8 0 1 1 4 19 0 0 
6 13 9 6 0 5 4 1 20 24 5 13 
0 0 1 3 5 0 2 1 0 38 10 11 
4 29 13 0 7 2 0 1 0 13 58 32 
1 25 7 2 3 5 0 0 0 31 15 9 
1 25 6 2 3 5 0 0 0 31 15 9 
1 20 6 2 3 5 0 0 0 31 15 9 
1 20 6 2 3 5 0 0 0 34 15 9 
6 22 5 0 2 3 0 0 0 31 28 28 
