1 3 15 2 0 11 1 1 27 2 19 7 
1 3 15 0 0 11 1 1 27 2 19 7 
2 1 37 1 4 8 3 2 58 20 6 2 
2 4 9 8 4 12 1 2 2 27 42 2 
3 0 1 1 0 8 1 3 9 22 87 26 
3 1 1 15 6 11 5 1 12 22 32 1 
3 4 35 15 3 2 4 0 21 31 7 24 
3 6 32 2 5 13 5 2 66 0 30 10 
3 7 8 10 3 11 0 3 7 36 43 2 
3 7 8 10 3 11 0 3 7 36 43 4 
4 0 30 5 6 6 0 1 20 14 10 14 
4 0 31 6 5 6 4 1 4 25 93 21 
5 1 20 10 4 4 3 4 23 21 1 27 
5 1 26 7 1 7 0 0 7 6 24 3 
5 0 26 7 1 7 0 0 7 6 24 3 
6 0 38 11 2 3 3 4 7 35 37 18 
6 2 21 7 5 10 0 4 18 37 24 1 
6 7 32 12 3 8 3 1 4 23 19 9 
7 0 0 12 5 12 1 2 14 35 30 5 
7 1 21 3 4 4 0 1 8 1 17 28 
7 1 21 3 4 4 0 1 8 2 17 28 
7 1 21 3 0 4 0 1 8 2 17 28 
1 1 21 3 0 4 0 1 8 2 17 28 
7 1 21 3 4 4 0 1 8 6 17 28 
7 2 18 2 4 3 1 0 5 30 47 17 
7 2 27 9 3 9 5 4 17 3 14 32 
7 4 39 4 5 13 3 1 23 36 22 19 
8 0 15 8 5 10 4 2 11 31 48 14 
8 2 19 11 5 3 5 4 8 25 41 29 
8 4 33 6 1 0 0 4 5 10 32 14 
9 0 11 1 4 3 5 1 5 34 42 9 
9 1 7 12 3 3 1 3 4 22 18 33 
7 2 5 1 0 6 2 1 0 39 9 16 
8 0 0 3 5 3 3 3 26 38 6 19 
8 7 36 7 4 3 1 3 5 28 74 18 
7 4 3 0 2 13 2 0 19 24 2 7 
9 4 4 10 0 11 3 2 0 26 10 18 
9 4 4 10 0 11 3 2 4 26 10 18 
9 4 4 11 0 11 3 2 4 26 10 18 
6 7 32 14 3 0 4 4 11 0 3 0 
9 4 0 14 1 1 0 1 5 36 0 22 
3 6 38 4 2 10 5 4 16 5 17 37 
3 6 36 4 2 10 5 4 16 5 17 37 
2 7 4 5 0 5 0 1 0 4 0 15 
7 7 4 5 0 5 0 1 0 4 0 15 
1 4 21 7 6 5 3 1 0 29 83 4 
1 4 28 7 6 5 3 1 0 29 83 4 
7 2 38 13 2 1 0 2 0 26 23 0 
7 6 0 2 4 1 0 1 0 37 45 32 
7 6 0 2 4 1 0 1 4 37 45 32 
1 4 18 6 4 13 0 4 0 28 98 13 
6 6 10 1 6 7 1 0 5 13 10 24 
1 1 13 5 0 0 0 3 12 21 0 6 
1 1 13 5 0 0 0 3 12 39 0 6 
1 0 13 5 0 0 0 3 12 39 0 6 
5 2 31 12 3 6 0 2 10 6 18 11 
6 5 0 5 5 2 5 0 3 23 33 31 
2 7 6 9 1 13 1 2 0 31 22 12 
7 6 0 2 4 1 0 1 0 36 45 32 
7 6 1 2 4 1 0 1 0 36 45 32 
9 0 27 10 2 5 3 3 14 9 11 29 
9 4 11 10 0 0 5 1 0 4 92 30 
4 0 25 0 6 3 0 1 13 0 11 16 
4 1 23 15 0 1 1 4 0 30 47 13 
6 1 23 15 0 1 1 4 0 30 47 13 
1 0 3 14 2 6 0 0 0 20 63 1 
3 0 39 1 0 8 1 3 0 0 87 26 
4 1 5 13 3 8 2 0 0 7 11 25 
5 5 1 12 0 9 4 3 0 20 25 32 
7 2 16 10 4 5 3 2 5 4 12 4 
9 4 0 14 0 1 0 1 5 36 96 22 
9 7 22 3 0 1 3 0 0 4 24 34 
1 3 17 4 0 7 4 4 0 39 71 28 
1 4 23 3 5 5 3 3 4 11 44 0 
4 0 9 15 3 6 1 4 8 36 37 13 
4 7 17 13 1 7 5 3 0 9 89 19 
6 7 17 13 5 7 5 3 0 9 89 19 
9 3 20 3 1 3 1 0 12 34 6 0 
1 0 26 11 5 4 4 2 1 13 67 1 
1 2 26 8 0 13 1 4 11 1 44 4 
