1 0 13 3 1 3 5 0 2 18 28 31 
1 4 16 3 2 6 1 0 23 39 42 3 
1 4 16 3 2 6 3 0 23 39 42 3 
1 4 16 3 2 6 1 0 28 39 42 3 
1 4 16 4 2 6 1 0 28 39 42 3 
2 0 19 6 2 1 3 4 9 12 15 16 
2 1 19 6 6 4 2 4 24 30 14 7 
3 2 6 14 3 13 3 1 27 27 23 8 
4 4 21 13 4 8 0 0 1 28 64 28 
5 0 0 4 3 3 1 2 0 24 36 38 
5 3 8 5 6 12 5 2 17 22 17 29 
5 5 9 2 4 2 4 2 1 23 67 36 
5 5 26 0 5 12 0 3 10 31 70 26 
6 0 6 3 3 5 5 4 7 23 30 11 
6 4 29 2 4 7 2 0 17 16 7 9 
6 5 25 10 3 12 2 3 18 19 19 14 
7 2 27 10 2 1 5 4 1 20 25 16 
8 1 14 7 1 5 0 2 2 36 50 29 
8 1 14 11 1 5 0 2 2 36 50 29 
8 1 14 7 1 5 0 2 4 36 50 29 
8 1 14 7 1 5 0 0 4 36 50 29 
8 4 0 15 6 8 5 3 3 25 41 3 
8 4 36 12 4 8 0 3 5 15 90 6 
8 4 34 12 4 8 0 3 5 15 90 6 
8 5 24 14 1 13 5 4 13 14 24 8 
8 5 26 3 0 9 2 4 4 3 70 5 
8 6 1 9 6 2 0 2 9 38 30 19 
9 2 14 5 0 10 5 1 1 3 71 33 
9 3 32 5 5 2 4 4 24 29 9 15 
9 6 1 10 0 5 1 1 0 14 2 27 
9 6 1 10 0 5 1 1 0 14 2 0 
9 6 1 10 0 5 1 1 4 14 2 27 
5 4 39 3 5 10 3 3 4 21 85 0 
1 2 3 12 5 8 3 0 6 38 64 34 
4 0 0 0 2 7 3 4 22 32 2 35 
4 0 1 0 2 7 3 4 22 32 2 35 
9 3 24 15 6 12 0 1 15 9 22 10 
1 3 24 15 6 12 0 1 15 9 22 10 
9 3 24 14 6 12 0 1 15 9 22 10 
6 0 0 10 0 2 3 1 0 37 22 24 
6 0 0 10 0 2 4 1 0 37 22 24 
6 0 0 0 0 2 4 1 0 37 22 24 
6 0 4 10 0 2 3 1 0 37 22 24 
6 0 4 10 0 2 3 1 0 37 22 30 
1 3 13 11 2 4 2 4 10 38 21 38 
1 6 18 6 0 4 3 3 0 39 22 11 
1 7 32 6 0 10 2 1 0 38 27 5 
4 0 17 4 0 10 0 0 6 5 96 24 
1 0 38 1 5 0 0 0 0 34 90 11 
2 0 39 7 3 2 2 3 0 18 80 11 
4 3 23 3 6 9 4 0 4 36 66 8 
4 3 32 3 6 9 4 0 4 36 66 8 
1 0 9 5 0 3 3 1 0 25 12 1 
1 0 31 13 4 1 2 0 14 31 36 4 
1 4 16 0 2 6 3 0 23 39 0 3 
1 4 16 0 2 6 3 0 10 39 0 3 
1 6 6 6 1 3 5 3 14 31 11 20 
2 3 37 9 3 0 0 3 0 28 76 12 
2 4 7 5 4 9 4 3 0 12 84 39 
3 4 2 7 5 10 0 0 6 23 61 2 
5 4 1 6 1 0 1 1 0 34 26 5 
5 7 1 6 1 0 1 1 0 34 26 5 
6 7 13 12 3 13 0 3 9 39 21 22 
6 7 13 0 3 13 0 3 9 39 21 22 
9 0 10 13 3 12 1 4 20 21 10 27 
1 3 4 11 2 9 0 2 10 27 19 18 
1 0 4 11 2 9 0 2 10 27 19 18 
2 5 15 0 2 10 0 4 10 25 11 9 
3 2 9 0 3 11 0 0 5 34 54 22 
6 7 15 2 1 1 3 0 1 24 0 20 
8 0 39 14 0 1 2 1 0 28 42 18 
2 7 34 7 3 9 4 1 10 8 32 17 
3 2 11 9 5 4 4 3 31 23 0 35 
3 7 2 5 3 13 1 0 6 30 0 3 
4 5 38 2 0 3 3 1 0 28 35 36 
6 4 24 0 5 10 0 2 10 0 16 36 
9 4 1 7 3 6 3 3 0 1 68 27 
9 7 0 13 2 12 5 4 0 23 21 36 
1 0 16 10 5 2 2 2 18 35 15 27 
1 0 35 3 5 11 2 3 3 33 62 6 
1 2 8 12 5 10 4 3 23 8 6 31 
