1 1 24 14 2 5 5 2 7 2 12 4 
2 4 19 0 4 7 4 0 24 39 35 6 
2 5 38 0 5 11 2 3 12 8 44 35 
3 1 32 0 6 4 1 2 5 31 81 29 
3 2 37 7 5 9 1 2 82 39 17 2 
4 7 14 14 3 2 2 2 3 11 31 12 
5 6 21 0 3 8 5 1 6 36 76 28 
7 4 2 10 0 13 3 1 10 13 82 34 
7 4 22 5 3 4 4 2 4 24 49 13 
8 1 27 5 1 4 4 3 7 32 96 34 
9 0 1 11 2 2 4 1 13 28 50 3 
9 0 1 11 2 2 0 1 13 28 50 3 
9 2 31 0 4 4 4 1 23 19 0 18 
9 6 6 1 1 10 0 4 10 7 98 36 
9 7 14 5 2 0 0 0 5 5 87 23 
4 4 10 13 6 6 5 3 6 2 79 0 
1 2 4 3 3 13 0 0 10 0 98 32 
4 7 0 2 4 13 2 4 0 29 68 17 
1 2 37 10 5 11 1 0 5 19 93 28 
8 5 4 0 2 1 2 3 0 19 38 5 
4 4 5 0 3 1 4 1 4 37 39 1 
4 4 8 6 2 4 0 1 0 23 4 13 
9 0 16 8 1 9 3 2 4 22 86 21 
7 7 32 5 3 13 2 1 6 12 95 0 
5 0 39 5 5 6 0 1 9 20 34 32 
8 6 8 10 6 11 3 2 8 16 31 3 
7 0 5 12 3 6 2 2 12 34 0 23 
1 1 31 6 0 0 5 1 4 32 15 16 
3 3 23 5 3 9 2 4 6 39 58 25 
8 3 24 15 3 3 4 1 0 20 20 2 
8 3 24 0 3 3 4 1 0 20 20 2 
4 6 14 3 2 3 2 2 0 35 13 8 
2 4 6 11 2 6 4 2 22 14 0 16 
7 3 2 1 4 3 4 4 0 14 69 19 
1 2 33 3 1 4 1 0 0 25 49 9 
3 6 21 0 5 9 2 1 19 14 0 17 
5 4 13 2 6 3 5 2 20 20 1 7 
9 3 38 9 4 8 4 0 20 35 1 35 
9 3 38 9 4 8 4 0 20 35 1 34 
9 1 15 15 3 6 3 4 0 4 22 15 
9 6 15 15 3 6 3 4 0 4 22 15 
9 1 15 15 3 6 3 4 0 4 22 10 
4 3 13 7 0 6 5 2 0 2 69 17 
4 3 13 7 0 6 5 2 0 2 69 0 
4 7 32 0 5 10 1 4 14 30 43 14 
7 2 8 13 0 6 0 1 0 28 36 11 
7 2 31 14 4 4 4 1 23 19 0 18 
1 1 37 0 2 12 3 0 12 20 34 38 
1 4 20 9 4 6 5 0 0 16 90 36 
2 5 31 12 4 7 4 2 0 8 87 3 
9 1 0 14 5 9 2 4 30 34 0 29 
9 1 30 14 5 9 2 4 30 34 0 29 
1 3 5 14 5 5 5 2 6 1 49 5 
1 5 9 15 3 2 0 1 12 0 26 28 
2 5 32 5 6 9 4 2 80 32 41 0 
2 5 32 5 6 9 4 2 80 32 41 1 
3 4 8 5 0 11 2 3 0 9 62 20 
5 5 7 15 4 0 5 0 27 18 0 26 
5 5 7 15 4 0 5 1 27 18 0 26 
7 6 3 14 3 10 1 0 0 14 5 5 
8 7 2 5 1 11 3 2 0 34 55 31 
8 6 2 5 1 11 3 2 0 34 55 31 
1 5 15 2 2 9 4 4 12 38 14 4 
2 0 0 12 4 0 2 0 35 39 0 25 
2 7 23 6 0 1 0 0 3 18 90 21 
6 4 35 15 5 0 4 2 6 36 44 0 
6 0 35 15 5 0 4 2 6 36 44 0 
8 1 27 5 1 11 0 3 7 32 0 34 
8 3 7 5 0 12 3 4 0 29 0 26 
8 3 7 5 0 12 3 4 0 29 20 26 
