3 17 4 0 4 5 2 0 3 22 57 19 
3 17 14 5 9 5 0 0 9 3 20 26 
3 24 14 5 9 5 0 0 9 3 20 26 
3 17 10 5 9 5 0 0 9 3 20 26 
3 31 6 3 9 4 0 0 6 0 64 9 
3 31 6 3 9 4 0 0 6 28 64 9 
6 14 15 1 8 1 4 1 2 14 98 33 
6 32 11 3 3 2 4 1 12 22 27 21 
7 30 3 1 11 1 1 1 6 38 33 28 
7 30 3 1 11 2 1 1 6 38 33 28 
0 36 2 2 9 0 4 1 7 3 45 12 
1 12 10 6 11 3 1 0 8 7 62 11 
2 22 6 0 10 2 0 0 57 34 12 0 
2 24 14 0 4 4 0 0 4 10 0 29 
2 29 0 2 13 3 1 0 49 32 49 1 
0 10 2 2 8 0 2 0 9 5 25 4 
0 36 2 5 4 4 4 1 23 17 11 1 
2 2 10 6 7 5 0 1 31 35 80 4 
2 2 10 6 7 5 0 1 0 35 80 4 
2 11 12 6 11 0 2 1 14 11 41 29 
5 33 3 3 11 1 1 0 11 23 9 29 
5 35 10 3 9 0 0 1 18 39 17 12 
7 35 10 3 9 0 0 1 18 39 17 12 
0 35 10 3 9 0 0 1 18 39 17 12 
0 35 10 3 9 0 0 1 12 39 17 12 
7 29 15 2 4 0 4 0 18 34 9 28 
7 29 14 2 4 0 4 0 18 34 9 28 
0 6 9 6 9 2 0 0 5 20 89 8 
0 6 9 6 9 2 0 1 5 20 89 8 
0 14 1 6 5 4 0 1 39 32 72 10 
1 5 15 4 0 4 0 0 9 30 50 33 
1 37 6 2 10 5 2 0 82 39 6 5 
2 38 1 2 4 2 3 0 4 1 54 15 
4 15 10 3 1 3 1 1 2 22 41 30 
5 35 15 3 3 4 4 1 13 30 29 17 
6 11 2 1 13 0 0 1 10 9 89 31 
7 4 13 0 6 1 0 1 2 26 12 16 
1 26 5 5 11 3 4 1 24 21 16 15 
3 26 5 5 11 3 4 1 24 21 16 15 
2 37 13 1 9 3 1 1 0 25 42 15 
2 37 13 1 9 0 1 1 0 25 42 15 
2 37 13 1 9 0 0 1 0 25 42 15 
2 37 13 1 9 0 0 1 4 25 42 15 
3 3 10 5 9 5 0 0 9 28 34 15 
5 6 3 4 5 4 1 0 11 21 22 25 
6 21 8 4 2 5 1 0 7 36 55 25 
3 19 14 0 6 1 2 0 2 22 74 11 
3 19 14 0 6 3 2 0 2 22 74 11 
4 11 15 5 13 5 0 0 4 4 74 1 
5 3 8 2 4 3 2 1 3 38 84 22 
5 27 14 0 0 3 2 0 5 39 19 4 
6 31 8 4 1 0 3 1 4 32 64 34 
6 38 8 4 1 0 3 1 4 32 64 34 
7 28 11 2 9 4 0 1 54 24 23 3 
1 16 14 3 4 5 0 0 1 15 85 35 
1 12 14 3 4 5 0 0 1 15 85 35 
1 0 14 3 4 5 0 0 1 15 85 35 
1 12 14 3 4 5 0 0 1 15 85 0 
1 19 2 1 7 0 3 0 8 33 70 30 
1 19 2 1 7 1 3 0 8 33 70 30 
6 19 9 3 1 3 3 0 6 2 41 6 
7 10 14 0 0 2 3 0 2 18 45 29 
0 12 10 0 8 5 4 0 8 9 28 7 
1 14 8 4 11 5 0 0 69 29 48 1 
2 12 9 4 2 1 3 1 2 28 46 15 
2 12 9 4 2 1 3 1 2 32 46 15 
2 12 9 4 2 4 3 1 2 32 46 15 
2 32 12 5 1 2 1 1 1 37 64 34 
3 26 13 3 0 2 0 1 3 37 2 39 
4 20 9 0 5 5 1 0 8 4 13 31 
5 8 11 6 13 2 3 0 19 26 30 33 
6 2 9 4 9 2 3 0 7 35 15 39 
6 2 9 4 9 2 3 0 0 35 15 39 
6 2 10 4 9 2 3 0 7 35 15 39 
6 2 9 4 9 2 3 0 0 35 14 39 
7 28 13 6 12 0 0 0 15 22 19 8 
7 28 15 6 12 0 0 0 15 22 19 8 
7 28 13 0 12 0 0 0 15 22 19 8 
2 23 11 0 2 4 0 0 6 2 19 7 
3 3 12 0 10 0 3 1 3 36 45 8 
3 28 10 5 7 0 4 0 12 25 40 9 
7 12 11 4 4 1 1 0 1 0 49 31 
3 38 5 0 12 5 2 1 7 31 25 0 
2 16 9 5 13 5 0 1 16 0 41 29 
0 16 9 5 13 5 0 1 16 0 41 29 
0 16 9 5 13 5 0 1 16 1 41 29 
6 28 3 1 12 5 0 0 8 20 8 25 
6 28 3 1 12 5 0 0 8 20 0 25 
6 28 3 1 12 0 0 0 8 20 0 25 
1 3 9 5 8 5 0 0 0 17 70 1 
1 3 9 5 8 5 0 0 0 22 70 1 
1 38 9 5 8 5 0 0 0 22 70 1 
1 39 9 5 8 5 0 0 0 17 70 1 
2 33 10 5 0 1 0 0 3 16 51 29 
2 33 10 5 0 1 3 0 3 16 51 29 
2 0 10 5 0 1 3 0 3 16 51 29 
2 24 10 5 0 1 3 0 3 16 51 29 
3 30 1 6 3 3 0 1 3 0 71 6 
3 36 1 6 3 3 0 1 3 0 71 6 
7 20 1 0 0 5 4 0 4 34 35 3 
5 35 15 6 2 3 3 1 6 14 44 19 
2 3 2 0 0 0 3 0 0 15 19 28 
3 5 9 2 10 0 0 1 3 8 0 30 
4 37 11 5 12 5 0 0 0 2 82 32 
4 34 11 5 12 5 0 0 0 2 82 32 
7 0 1 0 10 0 3 1 0 29 78 31 
7 0 15 0 10 0 3 1 0 29 78 31 
1 12 14 3 13 5 0 0 5 15 85 0 
1 12 14 3 13 5 2 0 5 15 85 0 
1 12 0 3 13 5 2 0 5 15 85 0 
1 12 15 3 13 5 2 0 5 15 85 0 
2 0 10 1 3 4 2 1 0 1 56 29 
2 2 10 1 3 4 2 1 0 1 56 29 
2 0 10 1 3 4 2 1 4 1 56 29 
7 11 7 6 7 4 0 0 9 38 13 28 
7 11 7 6 7 4 0 0 24 38 13 28 
2 2 6 1 1 0 4 1 0 30 96 14 
7 35 1 4 3 5 3 1 0 31 96 13 
2 31 12 2 1 5 2 0 14 2 9 21 
2 38 12 2 1 5 2 0 14 2 9 21 
2 36 12 2 1 5 2 0 14 2 9 21 
3 37 10 5 8 3 4 0 6 15 81 30 
7 1 2 0 11 3 3 0 12 32 0 0 
2 16 9 5 13 4 0 1 16 36 41 29 
5 39 5 3 8 1 4 0 8 26 51 16 
4 38 0 4 3 0 0 0 6 6 93 11 
0 36 0 1 7 4 2 0 8 39 54 36 
7 37 11 0 5 4 2 0 12 24 14 5 
7 37 11 0 5 4 2 0 5 24 14 5 
7 37 11 0 5 4 2 0 5 24 0 5 
7 0 11 0 5 4 2 0 5 24 0 5 
2 25 14 5 0 5 3 0 11 37 46 9 
0 31 0 1 13 2 0 0 64 21 29 1 
2 4 7 0 3 4 3 0 5 7 47 20 
6 28 3 1 12 0 0 0 0 20 0 25 
6 28 3 1 12 0 0 0 0 20 0 28 
6 28 5 1 12 0 0 0 0 20 0 28 
5 27 3 4 1 2 3 0 4 19 53 27 
0 27 10 0 8 0 1 0 22 1 30 24 
0 27 10 0 13 0 1 0 22 1 30 24 
0 27 10 0 13 0 1 0 22 2 30 24 
1 3 8 3 0 2 4 0 6 3 49 18 
1 3 8 3 0 5 4 0 7 3 49 18 
1 29 8 4 2 4 2 1 5 19 36 26 
5 26 4 0 13 2 3 1 0 1 56 30 
5 26 4 0 13 2 3 1 4 1 56 30 
5 36 7 2 2 3 3 0 0 17 85 19 
5 5 7 2 2 3 3 0 0 17 85 19 
5 5 7 5 2 3 3 0 0 17 85 19 
3 8 8 3 5 3 4 0 0 26 78 1 
5 2 14 6 8 2 0 0 14 21 22 32 
7 30 10 1 1 2 1 1 0 35 26 28 
7 30 10 1 1 3 1 1 0 35 26 28 
7 30 10 1 1 3 1 1 0 35 6 28 
7 10 0 6 7 1 0 1 0 36 95 14 
4 34 10 4 2 3 4 1 0 31 36 24 
5 4 15 0 1 5 2 1 2 8 64 24 
2 11 11 4 7 3 2 1 0 30 71 8 
5 19 2 0 9 0 2 1 0 4 78 0 
5 19 2 0 9 0 2 1 0 4 14 0 
5 19 2 0 9 0 2 1 2 4 14 0 
3 31 11 2 13 3 3 0 0 6 66 28 
4 37 0 3 9 5 0 1 20 36 16 19 
5 7 8 2 10 4 3 0 6 22 53 30 
5 24 8 2 10 4 3 0 6 22 53 30 
6 31 7 0 10 1 2 0 0 39 32 39 
6 31 7 0 10 1 2 0 0 0 32 39 
6 0 7 0 10 1 2 0 0 0 32 39 
6 31 7 0 10 1 2 0 0 39 0 39 
2 39 5 0 13 0 2 1 0 22 45 15 
2 8 5 0 13 0 2 1 0 22 45 15 
2 8 5 0 13 0 2 1 2 22 45 15 
5 9 11 4 1 5 0 0 0 35 4 35 
5 29 8 1 4 4 4 1 0 7 86 26 
6 33 13 4 10 5 3 1 7 29 64 23 
6 33 10 4 10 5 3 1 7 29 64 23 
7 22 14 5 7 4 1 0 0 12 70 32 
0 0 15 5 6 1 0 0 0 33 82 18 
0 0 15 5 6 1 0 0 0 33 98 18 
0 0 4 5 6 1 0 0 0 33 98 18 
2 2 9 5 2 2 4 0 0 30 96 35 
7 27 4 1 2 2 0 1 0 12 69 3 
7 31 15 1 6 0 0 1 0 27 18 0 
6 4 12 2 2 4 2 0 5 32 99 31 
1 5 15 4 0 4 0 0 0 30 50 33 
1 39 15 4 0 4 0 0 0 30 50 33 
4 14 5 1 5 1 4 0 14 2 8 30 
0 7 13 5 3 2 2 1 20 17 0 4 
