1 5 25 14 3 13 2 2 6 39 58 4 
1 5 6 14 3 13 2 2 6 39 58 4 
1 5 32 7 3 8 2 0 49 22 17 6 
1 5 32 6 3 8 2 0 49 22 17 6 
3 2 4 10 2 3 2 4 10 6 11 34 
3 3 26 9 6 10 3 3 24 32 16 37 
3 3 39 7 3 4 2 2 16 0 6 11 
3 6 13 11 4 7 5 3 15 39 30 34 
4 2 37 1 1 9 2 3 7 34 80 32 
4 7 5 2 3 10 0 0 6 19 25 19 
4 7 5 2 3 10 3 0 6 19 25 19 
4 7 35 7 6 4 4 0 5 39 61 9 
5 3 12 4 1 2 1 1 0 14 7 32 
6 3 19 4 6 2 4 3 9 31 20 31 
6 7 6 2 2 12 0 2 5 33 35 26 
7 1 20 13 5 5 1 4 7 24 40 24 
7 6 32 12 4 12 0 3 8 0 91 24 
9 1 14 15 4 4 3 4 1 3 34 36 
9 1 32 9 1 10 1 1 1 30 74 8 
9 2 10 3 1 11 5 2 7 38 40 8 
9 6 4 5 6 9 4 2 7 19 59 11 
1 4 30 0 2 5 0 0 16 15 0 2 
4 4 29 2 1 13 3 0 16 0 0 13 
8 0 0 1 3 8 0 1 0 29 2 3 
5 0 32 4 3 2 5 3 5 18 40 31 
5 0 37 4 3 2 5 3 5 18 40 31 
5 0 0 4 3 2 5 3 5 18 40 31 
3 3 4 4 0 13 3 4 0 20 6 2 
3 3 4 4 0 13 3 4 4 20 6 2 
3 2 26 14 2 9 0 1 11 1 9 19 
5 6 25 1 3 6 3 1 6 24 54 39 
7 2 19 0 1 10 0 3 8 37 33 27 
8 6 32 12 6 0 3 2 0 30 86 23 
9 7 21 3 5 0 0 2 17 36 0 2 
4 1 24 14 3 13 5 3 0 23 74 0 
7 1 24 14 3 13 5 3 0 23 74 0 
1 5 21 0 3 4 4 0 0 16 80 3 
8 0 22 14 3 6 5 0 0 33 23 7 
9 7 13 2 2 1 4 3 5 28 42 3 
9 7 13 7 2 1 4 3 5 28 42 3 
3 5 36 2 5 10 0 1 10 5 81 33 
6 7 25 8 3 3 4 0 0 2 77 27 
6 7 39 8 3 3 4 0 3 2 77 27 
7 7 25 5 2 4 0 4 0 30 75 19 
2 6 8 5 0 1 5 1 8 16 0 32 
6 2 23 7 1 11 3 0 0 35 34 28 
8 2 23 7 1 11 3 0 0 35 34 28 
2 7 15 9 2 9 4 0 0 32 53 2 
2 7 12 9 2 9 4 0 0 32 53 2 
2 7 12 9 2 9 5 0 0 32 53 2 
2 7 12 13 2 9 5 0 0 32 53 2 
2 7 12 9 2 9 5 3 0 32 53 2 
2 7 12 9 2 9 5 3 0 35 53 2 
5 1 24 4 3 8 4 2 0 27 99 31 
8 3 37 1 2 0 2 2 0 20 26 30 
3 6 24 0 5 6 4 4 10 15 32 9 
4 6 21 10 1 2 3 3 0 21 15 29 
7 6 21 10 1 2 3 3 0 21 15 29 
6 2 19 2 3 5 3 4 6 18 53 38 
6 5 15 1 1 6 5 4 0 8 82 15 
1 4 30 0 2 0 0 0 3 15 0 2 
2 2 25 0 3 0 2 1 0 9 68 27 
5 6 30 3 0 0 3 4 4 26 6 8 
9 1 18 3 4 4 1 1 0 35 66 2 
1 2 37 5 1 7 0 0 0 20 95 11 
4 2 37 5 1 7 0 0 0 20 95 11 
1 4 10 2 6 2 1 2 18 18 0 11 
1 4 10 2 6 2 1 2 18 18 2 11 
1 4 10 2 6 2 1 2 18 18 2 31 
1 4 29 15 2 4 3 2 14 33 39 30 
2 7 21 10 3 7 0 1 14 38 35 16 
5 6 0 10 0 13 3 0 0 4 9 39 
6 7 19 0 6 2 5 3 14 31 4 31 
6 7 19 0 6 2 5 0 14 31 4 0 
6 7 19 0 6 2 5 0 14 31 4 1 
7 2 19 0 1 10 0 3 4 0 10 4 
7 2 19 0 1 10 0 3 0 37 10 4 
