0 34 5 5 13 2 2 0 87 36 25 2 
3 34 5 5 13 2 2 0 87 36 25 2 
0 34 5 5 13 2 2 0 87 0 25 2 
1 0 4 1 3 3 4 0 9 17 17 38 
2 6 13 2 13 3 1 1 39 36 64 11 
2 14 9 2 12 2 0 0 22 17 0 0 
2 8 9 2 12 2 0 0 22 17 0 0 
2 14 9 2 12 2 0 0 28 17 0 0 
3 1 15 2 2 0 1 1 19 6 1 29 
3 20 1 3 9 0 0 0 75 16 95 0 
7 18 3 0 6 1 0 1 3 24 85 36 
7 26 0 2 13 0 2 1 5 26 2 26 
1 23 2 1 6 0 0 0 2 29 32 1 
1 24 13 1 0 1 1 0 0 29 74 9 
1 31 9 2 10 4 3 0 6 38 55 28 
1 31 9 2 10 4 3 0 6 38 55 0 
1 38 9 2 10 4 3 0 6 38 55 0 
1 34 9 2 10 4 3 0 6 38 55 0 
1 39 14 5 13 1 3 1 5 34 61 9 
2 1 13 5 12 2 1 1 28 33 40 12 
5 1 13 5 12 2 1 1 28 33 40 12 
5 2 13 5 12 2 1 1 28 33 40 12 
6 35 11 1 12 2 4 0 10 32 63 20 
6 35 11 1 12 2 4 0 10 32 63 39 
7 13 14 3 1 5 3 0 4 2 70 31 
7 38 14 3 1 5 3 0 4 2 70 31 
7 28 13 0 9 0 1 1 9 16 12 30 
7 28 13 0 9 0 1 1 9 0 12 30 
7 28 13 0 9 0 1 1 22 0 12 30 
7 28 13 0 9 0 1 1 22 0 36 30 
2 5 0 1 1 4 0 0 0 27 12 29 
2 10 7 6 10 4 0 0 50 33 67 16 
2 14 9 6 2 0 3 0 5 3 32 6 
2 14 9 6 2 3 3 0 5 3 32 6 
2 14 9 6 2 3 0 0 5 3 32 6 
2 14 9 6 2 3 0 0 5 3 32 0 
3 24 13 4 6 1 3 0 11 31 47 22 
3 30 15 5 10 0 4 0 11 3 31 3 
3 30 0 5 10 0 4 0 11 3 31 3 
3 30 15 5 10 1 4 0 11 3 31 3 
4 14 0 4 8 4 4 0 1 16 95 22 
4 14 14 4 8 4 4 0 1 16 95 22 
4 14 14 4 8 0 4 0 1 16 95 22 
6 12 8 1 8 5 0 0 2 15 9 36 
0 16 12 2 10 2 2 1 3 10 52 3 
1 4 4 1 4 2 2 1 5 17 58 10 
1 9 8 1 9 0 2 1 3 23 0 21 
2 31 5 4 9 3 4 1 11 16 33 32 
7 13 10 6 10 2 1 0 22 16 1 1 
7 30 10 0 9 0 1 1 7 2 25 21 
0 9 2 3 2 0 0 0 19 38 79 0 
0 24 6 2 5 1 4 1 6 9 79 29 
0 24 11 6 7 3 2 0 6 3 61 7 
7 24 11 6 7 3 2 0 6 3 61 7 
0 24 11 6 7 3 2 0 6 36 61 7 
1 37 12 0 12 2 1 1 13 39 14 34 
2 27 11 5 12 4 4 1 10 23 59 28 
3 7 13 3 3 0 4 1 11 10 2 38 
3 7 13 3 3 2 4 1 11 10 2 38 
5 30 0 2 1 5 3 0 4 10 56 30 
5 0 0 2 1 5 3 0 4 10 56 30 
6 26 10 1 10 0 2 0 1 28 20 22 
6 26 10 1 10 0 0 0 1 28 20 22 
6 26 10 1 10 0 0 0 4 28 20 22 
7 0 0 0 12 5 4 1 11 32 92 4 
0 37 14 4 0 3 2 0 4 9 69 34 
1 4 0 6 11 4 2 1 10 16 53 24 
1 4 0 6 11 4 0 1 10 16 53 24 
1 25 8 3 1 0 4 0 8 20 22 33 
4 23 9 1 3 0 1 1 4 13 63 15 
5 34 13 2 2 3 2 1 0 22 70 6 
0 34 13 2 2 3 2 1 0 22 70 6 
0 34 13 2 2 3 2 1 0 22 42 6 
0 34 13 2 2 3 2 1 0 14 42 6 
6 28 4 0 13 5 1 1 9 38 0 26 
6 28 4 0 13 5 1 1 6 38 0 26 
6 28 4 0 13 5 2 1 6 38 0 26 
6 37 8 4 12 2 2 0 14 38 15 33 
0 4 11 5 0 2 2 1 1 20 66 30 
0 5 4 1 11 2 3 1 21 34 39 5 
1 17 3 2 8 4 1 0 19 10 6 5 
1 27 1 3 12 3 1 0 51 32 62 4 
3 17 5 0 4 2 2 0 0 11 93 22 
4 11 3 2 13 4 0 1 36 29 27 9 
5 11 3 1 7 2 3 1 16 8 89 22 
5 31 6 4 12 3 4 0 8 37 30 37 
5 37 14 0 8 2 3 0 11 0 42 33 
0 37 14 0 8 2 3 0 11 0 42 33 
7 10 3 5 12 4 1 1 26 35 1 32 
0 25 12 0 0 0 3 1 5 22 19 6 
1 6 5 6 5 3 2 0 6 2 30 9 
1 26 5 5 6 3 0 1 3 25 86 6 
2 13 12 1 12 1 2 0 3 34 19 10 
3 35 6 4 13 3 0 1 22 38 1 31 
4 11 4 3 5 1 2 0 11 20 17 15 
4 11 4 3 12 1 2 0 11 20 17 15 
4 11 4 3 12 3 2 0 11 20 17 15 
4 11 4 3 12 1 2 0 11 20 40 15 
4 11 4 3 12 5 2 0 11 20 40 15 
4 11 9 2 5 1 3 1 1 29 28 16 
4 37 6 1 7 3 0 1 7 27 5 36 
5 7 9 4 10 3 0 1 0 1 95 2 
5 38 8 6 10 4 2 0 84 14 28 2 
6 36 2 3 11 5 2 1 63 6 48 0 
6 36 2 3 11 5 2 1 63 6 14 0 
7 39 0 2 4 4 2 1 9 22 27 28 
0 30 4 6 9 2 3 0 69 14 4 0 
1 35 2 6 13 5 0 0 89 13 5 2 
2 33 0 6 13 0 3 1 68 22 4 9 
3 13 14 3 9 5 3 1 10 12 25 22 
3 13 14 3 9 5 3 1 10 0 25 22 
6 34 0 6 1 1 1 0 10 39 0 37 
6 34 0 6 1 1 1 0 0 39 0 37 
5 4 13 5 12 2 1 1 28 33 40 12 
5 1 0 0 0 3 4 1 4 21 66 32 
5 1 0 0 0 3 4 1 4 21 66 0 
5 1 0 0 0 3 4 1 4 21 66 36 
5 1 0 0 0 3 4 1 0 21 66 36 
5 1 0 0 13 3 4 1 4 21 66 36 
5 27 9 4 3 2 3 1 8 34 29 6 
6 26 10 1 10 0 2 0 11 29 20 22 
0 35 14 0 9 4 3 1 7 3 47 21 
2 24 3 4 4 4 0 0 6 3 43 18 
0 30 11 5 3 0 2 1 6 0 42 21 
0 30 11 5 3 0 2 1 6 0 42 32 
0 0 11 5 3 0 2 1 6 0 42 32 
0 30 11 5 3 0 2 1 6 2 42 21 
0 30 11 6 3 0 2 1 5 4 42 21 
2 35 13 2 13 3 1 1 7 36 64 36 
6 36 5 4 12 4 3 1 3 29 92 22 
6 36 5 4 12 4 3 1 4 29 92 22 
4 9 1 3 8 2 0 1 8 15 0 24 
3 39 3 4 2 2 1 0 4 25 55 12 
4 0 9 2 7 1 4 1 0 27 5 29 
7 12 10 0 10 1 1 1 6 22 84 28 
3 9 10 5 13 3 0 0 0 3 73 18 
5 19 11 4 12 3 0 0 0 30 98 17 
0 19 11 4 12 3 0 0 0 30 98 17 
7 18 3 2 3 2 2 1 9 38 8 12 
1 0 0 6 13 4 2 0 12 11 32 14 
6 33 14 1 3 5 3 1 0 30 55 39 
6 33 14 1 3 5 3 1 0 30 10 39 
2 0 14 0 5 4 4 0 0 29 19 27 
6 0 0 6 2 4 3 1 44 36 2 27 
6 39 9 0 0 2 4 0 0 38 2 29 
1 10 3 1 10 3 3 1 0 34 11 3 
4 2 9 2 5 1 3 1 0 29 28 16 
2 39 15 1 10 5 1 1 9 31 48 18 
2 39 15 1 10 5 1 1 0 31 48 18 
2 39 15 1 10 5 1 1 9 0 48 18 
0 4 1 1 5 5 3 1 6 0 79 0 
5 27 6 1 5 4 1 1 10 13 0 39 
0 27 6 1 5 4 1 1 10 13 0 39 
3 7 5 3 5 3 0 0 8 33 0 32 
3 7 5 3 5 4 0 0 8 33 0 32 
3 7 8 3 5 3 0 0 8 33 0 32 
2 1 0 5 12 2 1 1 8 33 40 37 
2 1 0 5 12 2 1 1 8 36 40 37 
2 1 0 0 12 2 1 1 8 36 40 37 
2 1 0 5 12 2 1 1 0 33 40 37 
2 35 15 5 0 3 0 1 8 4 31 11 
0 19 15 2 9 1 0 0 9 21 33 26 
0 19 15 2 13 1 0 0 9 21 33 26 
0 19 15 2 9 1 0 0 6 21 33 26 
0 14 15 2 9 1 0 0 6 21 33 26 
0 14 15 2 9 1 0 0 6 12 33 26 
6 38 2 6 6 3 1 1 14 24 27 32 
7 33 0 4 13 3 2 0 9 16 66 2 
7 33 0 4 13 0 2 0 9 16 66 2 
7 33 15 4 13 0 2 0 5 16 66 31 
7 33 15 4 8 0 2 0 5 16 66 31 
7 33 14 4 8 0 2 0 5 16 66 31 
6 11 5 4 3 3 0 0 8 30 13 33 
6 3 0 3 5 0 4 0 7 37 0 15 
6 3 0 3 5 0 4 0 7 39 0 15 
6 13 5 0 7 2 1 0 0 2 18 19 
6 13 5 0 7 0 1 0 0 2 18 19 
6 13 5 0 7 1 1 0 0 2 18 19 
6 13 5 0 7 1 1 0 0 4 18 19 
6 0 5 0 7 2 1 0 9 2 18 19 
4 1 8 0 7 4 0 0 9 37 0 31 
4 35 8 0 7 4 0 0 9 37 0 31 
6 21 3 3 13 2 1 0 9 5 56 15 
6 34 12 6 1 1 1 0 10 39 28 37 
2 36 0 2 7 4 2 1 8 20 48 0 
2 36 0 2 7 4 0 1 8 20 48 0 
0 1 0 5 12 2 1 1 28 33 40 12 
6 39 2 3 3 1 4 0 9 34 42 35 
2 19 11 0 3 5 1 0 13 16 0 32 
6 32 13 3 1 1 1 1 6 27 47 22 
2 37 9 0 0 1 4 1 20 25 6 14 
2 37 9 0 13 1 4 1 20 25 6 14 
2 38 9 0 13 1 4 1 20 25 6 14 
2 34 14 4 4 1 3 1 0 25 75 26 
2 34 14 4 4 0 3 1 22 25 4 26 
2 34 10 4 4 0 3 1 22 25 4 26 
2 16 0 2 8 2 0 0 0 1 16 22 
0 15 2 2 10 1 1 1 14 35 0 27 
6 30 4 2 6 1 2 1 0 10 66 23 
4 16 7 3 2 3 1 0 0 34 0 18 
4 38 0 1 1 3 3 1 14 0 0 29 
5 38 3 5 7 1 3 0 10 23 57 15 
3 10 5 5 4 5 0 0 4 24 47 38 
5 26 10 6 7 3 2 1 0 35 92 21 
5 26 10 6 7 3 2 1 0 34 92 21 
7 36 6 2 3 4 2 0 0 13 92 11 
7 39 7 0 5 2 0 0 0 39 2 14 
4 22 4 0 7 2 1 0 2 17 39 34 
