1 5 36 14 1 11 5 3 15 23 44 29 
1 5 36 15 1 11 5 3 15 23 44 29 
1 5 36 10 1 11 5 3 15 23 44 29 
1 6 13 5 6 7 0 1 31 38 41 5 
2 5 4 4 3 3 3 0 22 19 5 22 
1 5 4 4 3 3 3 0 22 19 5 22 
1 5 4 15 3 3 3 0 22 19 5 22 
2 5 10 9 5 7 3 4 1 28 90 21 
3 6 12 6 2 2 2 1 1 20 43 4 
3 6 12 8 2 2 2 1 1 20 43 4 
4 2 21 8 2 12 3 2 50 18 10 2 
4 5 31 10 6 6 0 2 16 18 20 17 
5 1 31 4 3 12 3 4 7 26 70 38 
5 3 24 12 5 5 3 4 7 38 62 34 
5 6 22 7 2 3 2 0 0 29 51 3 
5 6 22 7 2 3 2 3 0 29 51 3 
5 6 22 7 2 3 2 3 0 29 51 39 
6 4 2 6 4 0 3 4 18 37 11 10 
6 6 16 13 6 7 3 3 1 32 66 5 
6 7 21 2 2 13 4 0 1 36 21 19 
7 0 39 11 6 2 1 3 18 15 23 9 
7 3 10 3 2 5 0 0 10 1 9 16 
7 4 31 5 3 13 1 0 20 23 8 13 
8 1 27 7 3 0 2 1 1 31 69 35 
7 1 27 7 3 0 2 1 1 31 69 35 
7 1 27 7 3 1 2 1 1 31 69 35 
8 1 37 3 3 3 4 1 6 12 35 19 
8 5 12 11 1 11 4 3 7 8 50 38 
8 5 16 0 5 5 2 3 15 7 11 13 
8 7 7 5 1 9 2 3 4 23 30 8 
9 0 30 11 2 8 5 2 17 5 15 10 
9 0 30 11 4 8 5 2 17 5 15 10 
9 0 30 10 4 8 5 2 17 5 15 10 
9 0 30 0 4 8 5 2 17 5 15 10 
9 0 30 15 4 8 5 2 17 5 15 10 
9 0 30 14 4 8 5 2 17 5 15 10 
9 1 25 15 4 5 4 2 7 2 18 23 
9 1 25 14 4 5 4 2 7 2 18 23 
9 0 0 4 3 3 0 4 4 26 40 0 
9 0 2 4 3 3 0 4 4 26 40 0 
8 2 1 3 6 7 0 3 8 20 32 13 
1 3 39 7 6 6 3 1 8 34 50 27 
1 2 0 15 1 12 4 0 19 19 37 11 
4 7 0 12 3 10 5 2 5 29 68 2 
6 7 37 14 5 0 5 0 0 37 5 31 
1 1 12 0 0 13 1 4 6 22 59 18 
6 2 37 13 5 4 5 2 8 38 31 11 
1 7 29 3 1 13 2 2 16 30 5 27 
4 1 20 6 6 12 4 2 5 0 60 0 
6 4 39 7 0 2 2 4 0 11 14 39 
9 5 16 3 5 5 2 3 14 27 26 9 
9 5 16 3 5 5 2 3 14 24 26 9 
9 5 16 3 5 5 2 3 14 27 26 11 
1 0 26 3 1 12 0 1 8 26 55 35 
7 2 38 1 1 4 4 0 0 34 75 29 
4 3 20 1 4 10 0 3 12 37 37 25 
4 3 14 1 4 10 0 3 12 37 37 25 
8 5 22 12 2 3 3 4 2 37 21 35 
2 3 4 4 2 5 4 0 0 33 72 35 
1 3 4 4 2 5 4 0 0 33 72 35 
3 4 15 13 0 11 4 1 12 31 5 4 
3 4 10 13 0 11 4 1 12 31 5 4 
3 4 10 13 0 11 4 1 12 31 5 6 
3 4 10 13 0 11 4 1 12 31 5 7 
4 2 34 3 0 10 2 4 0 35 79 30 
1 6 25 11 0 3 5 2 12 30 17 35 
1 6 39 0 0 9 5 3 0 0 98 21 
2 1 13 5 5 0 0 4 0 36 87 35 
1 6 32 3 5 13 5 3 0 30 81 8 
2 5 29 7 1 9 0 4 0 34 63 10 
7 2 0 11 2 9 5 3 11 39 0 8 
8 7 12 5 2 7 5 0 4 4 37 27 
