1 9 4 0 3 1 3 1 5 34 72 33 
2 6 13 4 13 3 1 1 8 6 26 38 
2 6 13 4 13 3 1 1 8 6 26 36 
2 34 3 0 12 3 1 0 10 25 53 34 
4 5 2 2 2 5 1 1 3 8 42 29 
4 5 2 2 2 5 1 1 3 8 24 29 
7 1 14 6 0 3 0 1 15 27 52 28 
7 7 10 5 1 0 1 0 7 39 13 17 
7 7 10 5 1 0 1 0 7 0 13 17 
7 13 12 0 3 2 0 1 3 6 17 1 
7 38 15 1 9 5 0 0 6 11 67 30 
0 5 4 2 0 0 1 0 2 34 86 32 
0 5 4 2 0 0 1 0 4 34 86 32 
0 34 15 2 6 1 3 0 11 38 59 16 
2 10 10 2 12 0 2 0 3 20 57 19 
2 16 10 2 12 0 2 0 3 20 57 19 
2 38 8 0 12 1 4 1 26 21 2 0 
4 20 2 0 2 2 4 0 3 23 77 11 
4 21 15 2 0 4 3 0 11 1 5 31 
4 21 15 2 0 4 3 0 11 1 5 30 
4 23 15 2 0 4 3 0 11 1 5 30 
4 29 12 3 1 5 2 0 22 21 0 32 
5 29 4 0 4 3 4 1 2 12 87 26 
6 23 12 1 8 3 1 0 8 31 11 34 
7 33 5 6 11 2 0 0 20 37 42 25 
7 33 5 6 11 2 0 0 10 37 42 25 
7 33 10 6 11 2 0 0 20 37 42 25 
7 33 13 6 11 2 0 0 20 37 42 25 
7 33 13 6 11 0 0 0 20 37 42 25 
7 33 13 6 11 2 0 0 20 36 42 25 
7 0 13 6 11 2 0 0 20 36 42 25 
7 33 8 6 11 2 0 0 20 36 42 25 
7 33 10 6 11 2 0 0 20 36 42 25 
7 33 10 6 11 2 0 0 22 36 42 25 
7 33 10 6 11 2 0 0 12 36 42 25 
7 22 10 6 11 2 0 0 12 36 42 25 
7 33 8 6 11 2 0 0 22 36 42 25 
7 30 8 6 11 2 0 0 22 36 42 25 
6 30 8 6 11 2 0 0 22 36 42 25 
7 0 10 6 11 2 0 0 20 37 42 25 
7 33 5 6 11 2 1 0 20 37 42 25 
7 33 5 6 11 2 1 0 20 36 42 25 
7 33 7 6 11 2 1 0 20 36 42 25 
7 33 7 6 11 2 1 0 20 34 42 25 
7 33 13 6 10 2 0 0 20 36 42 25 
7 0 13 6 10 2 0 0 20 36 42 25 
7 0 10 6 11 2 0 0 20 36 42 25 
6 0 10 6 11 2 0 0 20 36 42 25 
6 0 10 6 11 2 0 0 12 36 42 25 
6 2 10 6 11 2 0 0 20 36 42 25 
6 2 10 6 11 2 0 0 22 36 42 25 
6 2 10 6 11 2 0 0 12 36 42 25 
6 4 10 6 11 2 0 0 12 36 42 25 
6 24 10 6 11 2 0 0 12 36 42 25 
6 38 10 6 11 2 0 0 22 36 42 25 
7 1 13 6 11 2 0 0 20 36 42 25 
7 35 12 0 0 0 1 1 7 16 3 6 
0 12 1 1 7 4 4 0 10 29 98 32 
3 10 3 4 6 4 4 1 6 7 45 1 
4 23 1 1 1 5 4 0 1 30 64 10 
4 30 6 2 6 4 0 1 6 31 12 18 
4 20 6 2 6 4 0 1 6 31 12 18 
5 26 11 2 10 1 1 0 10 35 36 26 
7 4 14 0 12 5 3 0 4 18 51 26 
1 1 1 6 8 2 0 0 13 36 31 6 
5 11 8 1 5 3 4 0 12 11 7 17 
6 18 3 1 4 1 4 0 7 24 14 21 
6 33 1 5 1 2 3 1 5 20 40 19 
6 33 11 3 10 4 1 1 4 32 12 17 
0 3 15 5 1 5 3 0 22 37 40 26 
1 18 9 4 13 0 4 1 6 20 87 21 
1 31 1 6 1 3 1 0 3 8 70 13 
1 36 1 6 1 3 1 0 3 8 70 13 
6 37 7 5 2 4 1 1 3 4 67 33 
7 3 15 5 13 1 3 1 13 12 21 11 
7 3 15 5 13 1 3 1 10 12 21 11 
2 17 13 5 9 4 1 0 8 7 66 29 
2 38 4 2 7 5 2 1 1 16 98 38 
2 34 4 2 7 5 2 1 1 16 98 38 
0 34 4 2 7 5 2 1 1 16 98 38 
3 9 6 5 6 0 4 1 5 23 46 30 
4 16 5 0 11 2 3 0 4 3 45 10 
5 4 13 0 11 5 1 0 11 19 16 29 
6 29 13 6 9 0 3 1 9 19 50 34 
6 36 9 0 5 2 1 1 6 21 42 37 
0 0 12 2 12 3 2 0 10 9 68 12 
1 5 7 6 1 5 1 1 5 1 23 15 
1 5 7 6 1 5 1 1 5 2 23 15 
2 7 13 1 2 1 3 0 5 26 28 31 
2 7 13 1 2 1 3 0 5 36 28 31 
0 7 13 1 2 1 3 0 5 36 28 31 
3 19 2 3 10 2 0 1 11 37 61 26 
3 19 2 3 10 2 0 1 11 36 61 26 
4 31 11 1 4 0 0 0 2 22 87 10 
4 31 11 1 4 0 0 0 2 22 91 10 
4 36 8 2 12 0 4 1 22 11 9 1 
7 18 10 4 0 3 4 1 2 12 61 15 
7 18 10 4 0 5 4 1 2 12 61 15 
1 37 0 4 4 5 0 1 16 14 14 11 
2 0 10 5 13 3 1 0 42 39 50 11 
4 12 5 6 5 1 2 0 2 37 11 31 
4 12 5 6 5 1 2 1 2 37 11 31 
5 2 15 5 11 2 2 0 48 37 37 0 
6 37 15 2 5 1 3 0 24 35 4 31 
6 39 1 0 0 2 4 1 0 0 59 14 
0 19 0 6 2 3 0 0 18 27 15 4 
4 19 2 0 12 0 4 0 8 17 30 23 
6 29 8 0 0 0 1 1 4 13 5 14 
6 29 8 0 0 2 1 1 4 13 5 14 
6 0 10 6 11 2 0 0 22 36 42 25 
6 0 10 6 11 2 0 0 22 37 42 25 
6 2 10 6 11 2 0 0 22 34 42 25 
6 0 10 6 11 2 0 0 24 36 42 25 
0 0 12 5 6 3 4 1 3 21 39 19 
4 11 11 4 13 2 2 1 3 18 89 8 
0 5 7 6 9 0 1 0 0 0 56 23 
6 28 11 1 6 2 1 0 7 38 25 34 
5 0 13 5 1 4 3 1 3 8 58 23 
5 35 4 3 10 5 3 1 8 38 60 13 
5 35 4 3 10 0 3 1 8 38 60 13 
5 35 4 3 10 0 3 1 8 36 60 13 
7 39 11 0 1 1 4 1 5 39 49 28 
0 14 1 0 3 3 2 0 9 3 0 35 
6 7 1 3 12 0 0 0 0 3 8 5 
6 7 15 3 12 0 0 0 0 3 8 5 
6 7 15 3 12 0 0 0 0 38 8 5 
7 9 4 0 13 3 0 1 5 15 37 0 
7 9 4 0 13 5 0 1 5 15 37 0 
7 9 4 0 13 5 0 1 40 15 37 0 
0 2 4 3 6 0 4 1 0 0 59 26 
7 3 14 2 7 1 2 0 7 2 14 35 
7 24 14 2 7 1 2 0 7 2 14 35 
2 35 10 3 10 4 4 1 7 32 56 20 
1 34 14 6 0 3 4 0 6 9 29 19 
1 34 14 6 0 3 0 0 6 9 29 19 
6 0 0 6 0 2 0 0 0 36 0 25 
6 0 0 6 0 2 0 0 0 36 2 25 
4 3 9 4 7 5 2 1 5 4 67 35 
6 33 11 1 1 0 0 1 5 20 0 11 
6 21 12 4 0 1 1 0 0 17 74 10 
1 37 15 2 12 5 3 0 7 11 68 15 
1 36 15 2 12 5 3 0 7 11 68 15 
7 7 10 5 13 0 1 0 10 0 13 17 
5 6 0 0 6 3 2 1 0 0 44 11 
5 38 0 0 6 3 2 1 0 0 44 11 
5 0 0 0 6 3 2 1 0 0 44 11 
5 8 0 0 6 3 2 1 0 0 44 11 
0 6 0 0 6 3 2 1 0 0 44 11 
6 29 8 0 13 0 1 1 0 13 5 14 
1 33 5 1 4 1 3 0 8 38 27 17 
1 33 5 1 4 1 3 0 6 38 27 17 
1 33 5 1 4 1 3 0 0 38 27 17 
2 21 14 5 13 1 4 1 9 9 40 14 
2 6 13 1 12 5 1 1 0 38 14 2 
1 31 7 3 10 3 0 1 7 38 37 16 
6 2 1 3 0 0 2 1 6 32 0 36 
4 38 9 6 1 1 2 0 7 30 50 0 
1 34 12 5 12 1 3 1 7 38 76 23 
6 37 3 2 8 0 0 1 7 27 0 4 
5 23 8 6 0 5 4 0 7 19 43 0 
3 30 6 0 6 5 1 0 19 22 8 4 
3 30 6 0 6 5 1 0 19 22 8 0 
3 30 6 0 6 5 1 0 22 22 8 4 
3 30 6 0 6 5 1 0 22 22 0 4 
3 30 6 0 6 5 1 0 19 22 8 1 
3 30 6 0 6 5 1 0 0 22 8 1 
3 30 6 0 13 5 1 0 0 22 8 1 
3 30 15 0 13 5 1 0 0 22 8 1 
7 0 1 1 0 0 3 1 7 30 99 34 
7 16 1 1 0 0 3 1 7 30 99 34 
4 3 9 4 7 0 2 1 22 4 0 35 
0 39 15 2 11 3 4 1 13 18 25 39 
5 5 1 1 11 5 0 1 0 12 9 0 
5 5 1 1 11 5 0 1 0 12 9 2 
0 0 12 0 6 5 4 1 0 21 39 19 
0 0 12 0 6 5 4 1 0 0 39 19 
6 21 8 6 0 2 3 0 20 23 5 23 
6 21 8 6 1 2 3 0 20 23 5 23 
4 0 3 2 13 5 2 1 5 35 29 11 
0 7 4 2 4 2 3 0 10 9 12 3 
7 31 0 1 4 5 3 1 6 12 17 19 
7 20 0 1 4 5 3 1 6 12 17 19 
3 6 14 6 4 4 2 1 0 17 88 19 
3 6 14 6 4 4 2 1 2 17 88 19 
6 33 11 1 1 0 0 1 12 20 0 11 
7 37 11 6 0 1 1 0 24 27 0 24 
3 1 4 2 12 4 4 1 8 36 22 34 
4 11 15 5 12 3 2 0 14 0 41 38 
4 6 15 5 12 3 2 0 14 0 41 38 
4 11 15 5 12 3 2 0 14 0 41 34 
4 6 15 5 12 3 2 0 14 0 41 34 
5 4 11 2 2 3 3 1 0 17 83 35 
4 22 4 0 7 4 3 1 4 32 53 20 
5 26 4 3 7 0 3 0 10 19 19 19 
5 26 4 3 7 0 3 0 10 0 19 19 
2 19 11 0 11 4 2 0 51 2 1 7 
4 19 9 0 6 2 0 1 0 27 28 33 
4 37 9 0 6 2 0 1 0 27 28 33 
0 33 13 0 9 1 0 0 0 29 65 33 
6 16 2 5 13 0 0 1 0 38 88 23 
0 0 12 0 6 5 4 1 6 0 39 19 
0 8 5 1 10 0 2 0 0 17 50 28 
4 13 8 3 13 1 3 1 18 21 0 33 
4 30 15 1 10 5 3 0 0 16 70 10 
4 8 15 1 10 5 3 0 0 16 70 10 
4 0 15 1 10 5 3 0 0 16 70 10 
