1 0 36 0 2 13 3 0 74 16 72 10 
1 1 19 5 4 7 3 1 23 27 2 38 
1 1 19 7 4 7 3 1 23 27 2 38 
1 2 19 5 4 7 3 1 23 27 2 38 
1 4 22 0 2 4 4 1 2 19 98 5 
1 4 30 9 5 10 3 1 49 36 42 13 
1 7 22 11 5 4 2 0 0 0 63 26 
2 0 24 3 1 11 3 0 32 39 53 3 
2 0 28 4 0 8 4 0 20 37 4 14 
2 2 23 11 6 8 4 1 33 38 37 6 
2 2 23 11 6 13 4 1 33 38 37 6 
2 2 26 13 4 0 0 1 19 29 6 30 
2 2 26 13 4 0 1 1 19 29 6 30 
5 2 26 13 4 0 1 1 19 29 6 30 
2 3 5 14 3 12 0 0 0 14 33 35 
2 4 1 15 0 12 3 1 20 13 3 39 
2 4 14 15 4 11 5 0 3 10 89 26 
2 7 2 10 1 4 0 1 4 3 5 7 
3 1 7 1 0 8 4 0 38 12 58 3 
3 1 7 1 0 8 4 0 0 12 58 3 
3 1 7 1 0 9 4 0 0 12 58 3 
3 1 7 1 0 9 4 0 40 12 58 3 
3 2 25 15 3 12 0 1 41 2 26 7 
3 3 19 15 0 13 2 0 44 37 13 0 
3 4 12 0 6 10 2 0 14 4 5 34 
3 5 16 1 4 4 4 0 15 3 4 33 
3 5 16 1 6 4 4 0 15 3 4 33 
3 5 16 1 6 4 4 0 15 39 4 33 
3 5 16 1 6 4 4 0 6 39 4 33 
7 5 16 1 6 4 4 0 6 39 4 33 
3 5 16 1 6 4 4 0 15 0 4 33 
3 6 32 5 4 9 1 0 2 31 93 11 
3 7 9 15 1 11 2 1 5 31 6 8 
3 7 23 15 1 11 2 1 5 31 6 8 
3 7 20 12 0 11 1 0 10 17 2 1 
3 7 20 12 0 11 4 0 10 17 2 1 
4 0 0 15 1 10 4 0 52 34 98 6 
4 1 14 2 4 1 4 1 3 32 42 5 
4 7 17 2 2 6 4 0 6 25 57 21 
4 7 17 2 4 6 4 0 6 25 57 21 
5 0 7 3 2 11 1 1 7 39 36 9 
1 0 7 3 2 11 1 1 7 39 36 9 
5 0 13 14 4 11 2 0 1 37 77 28 
5 7 13 14 4 11 2 0 1 37 77 28 
5 1 6 6 0 12 0 0 3 35 47 34 
5 3 1 10 5 8 5 0 13 27 27 15 
5 5 6 9 2 3 2 0 0 7 92 24 
5 5 12 7 6 9 5 1 32 36 55 6 
5 7 12 4 6 13 1 0 41 32 46 1 
5 7 12 14 6 13 1 0 41 32 46 1 
6 0 31 13 5 11 2 1 6 32 45 3 
6 1 13 5 1 11 4 0 1 29 29 33 
6 1 13 5 1 10 4 0 1 29 29 33 
6 4 11 0 2 12 3 1 10 34 50 25 
6 5 27 12 6 11 4 1 5 1 91 19 
7 0 22 1 4 11 5 0 63 5 74 3 
7 1 4 0 6 8 1 1 14 34 3 3 
7 1 39 9 0 12 5 0 20 13 7 9 
7 1 39 6 0 12 5 0 20 13 7 9 
7 2 12 15 6 7 4 0 20 26 17 36 
7 0 12 15 6 7 4 0 20 26 17 36 
7 3 18 4 3 10 3 1 7 23 69 39 
7 3 18 4 3 10 3 1 7 0 69 39 
7 4 30 10 3 8 2 1 7 8 56 11 
7 5 3 0 2 13 1 1 4 36 39 16 
7 6 32 6 4 13 2 0 13 25 16 10 
7 6 16 6 4 13 2 0 13 25 16 10 
7 6 10 6 4 13 2 0 13 25 16 10 
8 0 15 4 0 0 2 1 4 18 79 13 
8 0 15 4 0 0 2 1 0 18 79 13 
8 0 16 12 0 13 3 1 6 27 26 31 
8 0 16 12 0 13 3 1 0 27 26 31 
8 0 16 12 0 13 3 1 6 27 26 0 
8 0 16 12 0 13 5 1 6 27 26 0 
8 0 24 12 0 13 5 1 6 27 26 0 
8 2 30 3 4 13 0 0 24 12 4 6 
1 2 30 3 4 13 0 0 24 12 4 6 
1 2 30 6 4 13 0 0 24 12 4 6 
1 2 30 7 4 13 0 0 24 12 4 6 
8 2 30 3 4 4 0 0 24 12 4 6 
1 2 30 7 4 12 0 0 24 12 4 6 
8 3 11 7 4 7 4 0 8 37 6 29 
8 4 26 3 6 7 0 0 1 39 7 28 
8 4 26 3 6 7 0 0 1 39 7 39 
8 4 26 0 6 7 0 0 1 39 7 39 
8 4 0 0 6 7 0 0 1 39 7 39 
8 4 26 3 6 6 0 0 1 39 7 39 
8 5 3 11 1 7 4 1 2 34 66 34 
8 5 3 11 1 7 4 1 4 34 66 34 
8 5 4 11 1 7 4 1 4 34 66 34 
8 5 10 12 1 9 1 1 14 4 6 5 
8 5 10 12 1 9 1 1 14 4 0 5 
9 5 10 12 1 9 1 1 14 4 0 5 
8 5 10 12 1 9 1 1 14 6 6 5 
8 7 24 12 5 13 2 0 22 14 16 7 
8 7 30 8 1 11 4 0 10 5 47 12 
9 7 30 8 1 11 4 0 10 5 47 12 
9 1 23 9 1 5 0 0 9 25 50 31 
9 4 3 9 5 2 3 1 3 37 16 9 
9 4 23 0 3 10 5 0 14 23 15 35 
9 5 8 11 4 4 5 0 2 19 39 2 
9 5 15 13 4 10 0 0 18 37 26 19 
9 6 34 6 0 2 1 1 2 14 43 17 
1 7 36 3 2 12 0 1 17 39 8 1 
6 3 22 0 0 12 2 0 8 37 97 37 
5 5 18 0 3 11 3 0 10 32 0 29 
5 0 18 0 3 11 3 0 10 32 0 29 
7 2 6 14 2 8 5 1 4 19 91 22 
7 2 0 14 2 8 5 1 4 19 91 22 
7 2 1 14 2 8 5 1 4 19 91 22 
1 2 30 7 4 12 0 0 10 0 68 6 
1 7 37 3 2 12 0 1 5 39 8 1 
6 1 39 2 5 2 5 1 22 10 0 30 
8 0 0 12 0 13 0 1 1 27 26 31 
9 2 32 13 4 5 1 1 10 38 15 34 
9 2 32 13 4 5 1 1 0 38 15 34 
9 7 9 4 5 13 0 1 4 36 52 15 
7 7 9 4 5 13 0 1 4 36 52 15 
7 7 9 10 5 13 0 1 4 36 52 15 
5 1 6 10 6 8 4 1 3 14 39 4 
7 5 3 0 2 13 1 1 7 36 0 16 
3 6 0 5 4 9 1 0 0 31 93 11 
4 2 0 14 3 10 0 0 0 12 78 6 
5 2 0 14 3 10 0 0 0 12 78 6 
5 5 34 11 2 7 4 0 0 27 2 3 
5 5 34 11 2 7 0 0 0 27 2 3 
7 5 34 11 2 7 0 0 0 27 2 3 
7 5 34 11 2 7 5 0 0 27 2 3 
7 4 9 7 0 2 1 0 0 20 7 32 
7 7 0 6 3 13 0 1 4 0 63 30 
7 7 0 6 3 13 0 1 4 0 63 39 
1 7 0 6 3 13 0 1 4 0 63 30 
8 6 36 15 0 3 2 0 0 22 4 0 
8 6 36 0 0 3 2 0 0 22 4 0 
3 5 0 2 0 10 1 0 2 1 0 30 
4 5 20 9 4 5 3 0 7 39 57 4 
1 5 20 9 4 5 3 0 7 39 57 4 
8 3 11 7 4 7 4 0 5 37 0 29 
8 3 11 7 4 7 4 0 22 37 0 29 
8 3 11 7 4 7 4 0 0 37 0 29 
3 5 0 15 2 5 1 0 3 7 17 35 
1 5 21 5 4 5 2 1 8 28 21 37 
2 4 18 0 1 10 5 1 8 34 0 5 
3 2 12 4 5 8 3 0 11 14 17 35 
3 2 3 12 6 1 3 1 7 0 86 37 
3 2 3 12 6 1 3 1 6 0 86 37 
3 2 3 12 6 1 3 1 6 2 86 37 
4 7 17 2 4 6 4 0 9 25 0 21 
4 7 17 2 4 0 4 0 9 25 0 21 
6 7 17 2 4 0 4 0 9 25 0 21 
4 7 17 2 4 6 4 0 22 25 0 21 
9 5 26 1 1 13 3 0 0 0 40 20 
6 0 0 0 5 0 3 1 0 6 71 7 
1 4 7 4 1 3 3 1 4 24 2 36 
6 2 16 10 5 4 5 0 5 37 30 2 
7 5 5 13 0 9 5 1 5 4 2 33 
7 5 5 13 0 9 5 1 5 0 2 33 
4 6 32 2 4 0 3 0 0 7 90 36 
6 5 20 15 0 5 0 1 10 31 0 0 
1 0 21 7 0 9 4 0 14 17 16 19 
1 3 15 15 5 9 0 1 0 10 75 20 
2 3 15 15 5 9 0 1 0 10 75 20 
2 3 15 15 5 9 1 1 0 10 75 20 
2 3 15 15 5 9 2 1 0 10 75 20 
2 3 37 15 5 9 2 1 0 10 75 20 
2 1 10 0 1 5 4 1 0 37 51 0 
3 4 20 8 2 12 3 0 0 3 86 17 
5 1 24 1 2 8 1 1 5 19 43 18 
6 4 12 14 4 5 1 0 0 23 69 21 
1 1 23 11 1 6 4 1 0 17 99 25 
1 4 27 6 1 6 3 0 14 39 9 30 
1 4 27 6 1 6 3 0 14 0 9 30 
3 2 6 13 4 10 3 0 0 11 81 34 
3 2 24 13 4 10 3 0 0 11 81 34 
3 7 20 6 3 10 2 1 0 33 10 0 
3 7 20 12 0 11 1 0 0 17 2 1 
4 3 11 1 0 10 3 1 0 35 76 39 
8 4 17 5 4 0 4 1 10 19 0 36 
1 1 31 13 0 6 2 1 0 10 56 38 
3 2 3 12 6 1 3 1 6 10 86 37 
3 7 26 8 0 1 3 1 0 12 59 38 
1 4 8 11 3 6 5 1 14 36 26 13 
1 7 29 14 1 1 4 1 6 4 42 4 
2 1 10 0 1 5 4 1 0 29 51 0 
2 1 35 0 1 5 4 1 0 29 51 0 
2 1 0 0 1 5 4 1 0 29 51 0 
2 5 16 3 2 1 0 0 0 17 2 37 
4 7 2 8 5 1 5 0 36 37 99 5 
4 7 2 8 5 6 5 0 0 37 99 5 
4 7 12 8 0 1 5 0 0 3 28 5 
4 7 12 12 0 1 5 0 0 3 28 5 
