1 2 19 8 1 12 0 0 4 11 33 35 
1 5 31 9 2 4 4 1 3 11 91 4 
1 6 17 15 3 2 5 1 28 32 0 6 
2 1 11 14 2 13 2 0 80 36 97 6 
2 2 37 10 6 3 2 0 15 38 21 39 
2 2 37 10 6 3 2 0 15 38 21 0 
2 6 38 10 3 5 0 0 5 12 33 0 
3 1 28 8 4 6 4 1 60 25 11 5 
3 3 37 13 2 13 2 0 19 38 25 33 
4 0 15 0 0 7 0 0 2 35 62 27 
4 0 0 0 0 7 0 0 2 35 62 27 
4 3 39 10 2 8 4 0 9 1 30 30 
4 6 39 10 2 8 4 0 9 1 30 30 
4 4 10 11 4 10 0 0 2 33 0 38 
4 5 16 10 4 2 4 0 4 23 15 38 
4 6 3 15 2 4 3 0 2 25 62 18 
5 0 38 1 5 8 4 1 62 18 14 3 
5 3 5 0 2 10 4 1 6 0 51 8 
5 3 5 0 2 10 4 1 6 0 44 8 
5 3 5 0 2 10 4 1 6 0 44 0 
5 3 20 9 0 13 5 0 0 6 73 24 
5 4 13 13 3 12 4 0 10 9 52 28 
5 5 13 0 6 7 4 1 6 4 48 12 
5 6 26 1 5 4 1 1 15 6 3 21 
6 0 11 13 2 11 0 0 39 22 77 4 
6 2 38 4 1 5 1 1 8 24 19 22 
6 3 4 3 2 11 5 1 7 33 1 34 
6 3 4 3 2 11 5 1 7 33 2 34 
7 2 10 5 2 7 0 0 1 2 17 18 
7 2 36 9 6 10 4 0 19 29 33 39 
7 2 36 9 6 10 4 0 6 29 33 39 
7 2 36 9 6 10 4 0 19 29 33 0 
7 5 38 4 5 6 2 0 6 21 73 16 
7 7 35 10 2 12 2 0 13 17 7 2 
8 0 10 11 4 3 3 1 1 28 36 8 
8 1 8 10 0 0 4 0 5 15 73 28 
8 5 37 14 4 7 1 1 7 11 39 2 
9 5 16 15 4 0 5 0 6 36 21 32 
9 7 10 6 1 3 3 1 6 5 33 12 
1 3 35 7 2 0 4 1 4 23 26 34 
1 4 19 0 4 11 5 1 21 11 0 30 
3 2 0 5 2 5 0 1 5 10 13 38 
1 2 0 5 2 5 0 1 5 10 13 38 
4 7 0 3 1 4 5 0 0 0 75 20 
4 7 27 10 2 9 0 1 0 30 6 9 
4 7 27 10 2 9 0 1 0 38 6 9 
4 7 27 10 2 9 0 1 0 38 0 9 
4 7 27 10 2 9 0 1 4 38 6 9 
3 2 29 12 2 3 1 0 4 38 78 20 
6 7 10 8 3 11 5 0 0 39 2 33 
6 7 10 8 3 11 5 0 4 39 2 33 
6 7 10 8 3 11 5 0 0 39 96 33 
7 5 4 0 2 4 4 1 3 11 91 4 
9 7 28 1 4 6 4 1 10 37 6 0 
9 1 10 11 6 9 2 0 22 12 4 33 
3 1 38 3 3 13 0 1 6 33 4 38 
6 5 4 15 0 13 2 1 4 2 0 28 
6 5 20 0 4 8 5 1 0 33 91 29 
6 5 27 9 1 6 4 1 8 29 0 32 
6 5 27 9 1 6 4 1 8 0 0 32 
6 5 27 9 1 6 4 1 0 29 0 32 
1 5 0 0 2 0 1 0 0 13 34 38 
9 5 0 0 2 0 1 0 0 13 34 38 
5 3 16 12 6 4 1 1 7 30 35 0 
5 3 16 12 6 4 1 1 7 30 30 0 
6 0 32 7 6 8 3 0 16 19 27 0 
6 0 32 0 6 8 3 0 16 19 27 0 
6 3 21 1 0 2 4 0 5 16 35 7 
6 3 21 1 0 2 4 0 5 38 35 7 
4 2 0 0 0 13 5 1 7 35 8 27 
4 2 0 15 0 13 5 1 7 35 8 27 
2 2 27 15 4 1 4 0 4 33 56 37 
6 5 18 15 3 3 0 1 0 20 42 18 
7 0 12 12 1 1 5 0 0 29 64 11 
7 5 38 8 3 2 1 0 9 24 20 36 
1 2 9 5 3 1 2 1 2 32 52 16 
1 5 31 9 2 4 4 1 0 11 91 4 
1 7 39 2 0 0 3 1 0 35 98 36 
2 3 4 1 2 10 3 0 0 15 61 0 
5 3 4 1 2 10 3 0 0 15 61 0 
7 0 11 12 2 12 1 1 0 23 76 13 
9 2 29 0 5 5 1 1 20 27 17 8 
2 2 30 9 3 1 3 1 0 29 71 16 
8 6 8 9 3 9 1 1 0 31 96 3 
8 6 8 9 3 0 1 1 4 31 4 3 
9 7 24 11 4 8 2 0 4 12 21 26 
2 4 28 2 2 11 3 1 6 37 18 3 
2 4 5 2 2 11 3 1 6 37 18 3 
4 2 36 9 3 11 2 0 0 5 63 37 
4 7 20 11 4 9 1 1 5 37 17 1 
4 7 20 11 4 9 1 1 5 36 17 1 
1 6 30 13 2 8 5 1 0 35 40 0 
2 2 33 6 2 13 2 0 14 4 24 27 
4 7 27 10 4 9 0 1 0 38 0 9 
4 7 27 0 2 0 0 1 0 38 99 9 
5 6 36 12 1 6 5 0 0 21 25 0 
9 7 23 4 5 8 3 0 12 36 0 31 
9 7 23 4 5 8 3 0 0 36 0 31 
9 7 23 4 5 8 3 0 0 38 0 31 
9 7 23 4 5 8 3 0 12 36 0 20 
1 2 37 10 5 2 0 1 0 16 77 17 
1 3 2 10 5 10 0 0 6 25 48 6 
3 1 8 14 0 5 4 0 0 0 94 30 
3 1 37 5 3 7 5 1 22 23 16 0 
3 1 37 5 3 7 5 1 22 23 16 1 
4 5 30 3 0 5 4 1 0 27 17 6 
5 1 13 15 5 5 2 0 5 35 53 10 
5 7 2 6 2 9 2 0 0 20 12 22 
1 4 12 3 2 3 5 0 0 16 89 29 
