4 12 15 4 2 3 1 0 5 18 27 6 
4 23 15 2 8 1 3 1 1 36 71 23 
4 23 15 2 8 1 3 1 1 36 6 23 
4 23 15 2 6 1 3 1 1 36 71 23 
4 23 14 2 8 1 3 1 1 36 71 23 
4 23 14 2 8 1 3 1 1 36 0 23 
4 39 14 2 8 1 3 1 1 36 71 23 
4 0 14 2 8 1 3 1 1 36 71 23 
4 0 14 2 8 0 3 1 1 36 71 23 
4 0 14 2 8 0 3 1 1 36 0 23 
4 0 14 2 8 0 3 1 0 36 71 23 
4 23 14 2 8 1 3 1 1 36 67 23 
5 17 15 2 1 1 2 1 12 2 2 28 
5 27 6 2 11 2 4 0 17 6 0 23 
6 1 8 5 12 2 1 0 13 37 21 29 
6 1 8 5 12 0 1 0 13 37 21 29 
6 39 8 5 12 2 1 0 13 37 21 29 
6 39 8 5 12 0 1 0 13 37 21 29 
6 39 8 5 12 0 1 0 13 36 21 29 
6 0 8 5 12 0 1 0 13 36 21 29 
7 9 2 0 5 4 1 0 6 8 3 19 
7 35 12 5 0 2 0 1 4 11 67 7 
7 0 12 5 0 2 0 1 4 11 67 7 
0 24 9 4 11 1 3 1 14 39 43 26 
1 28 15 0 7 4 3 0 22 34 4 38 
1 29 4 4 13 3 1 0 7 27 81 36 
2 23 8 3 13 3 4 0 14 9 27 18 
2 23 15 3 13 3 4 0 14 9 27 18 
2 23 15 2 11 0 3 1 8 18 84 33 
2 31 14 0 10 5 4 0 21 6 10 23 
2 35 1 6 10 5 1 1 6 5 87 6 
2 35 1 6 10 5 1 1 6 5 87 37 
2 35 15 6 10 5 1 1 6 5 87 37 
2 38 15 6 10 5 1 1 6 5 87 37 
2 38 15 6 10 5 1 1 6 5 87 38 
2 38 15 6 10 0 1 1 6 5 87 38 
6 38 15 6 10 0 1 1 6 5 87 38 
2 35 15 6 10 5 1 1 0 5 87 37 
2 38 1 6 10 5 1 1 6 5 87 6 
2 34 15 6 10 5 1 1 6 5 87 37 
4 13 5 5 11 4 3 1 50 39 86 0 
5 14 9 0 12 5 3 1 8 33 36 25 
5 19 1 3 1 3 3 1 3 15 57 2 
7 8 2 2 1 1 2 0 0 29 67 8 
7 32 13 0 4 1 4 0 2 8 84 13 
0 13 1 2 1 3 2 0 17 20 8 39 
0 37 3 0 12 0 0 1 3 38 79 20 
2 19 0 5 10 2 0 0 8 12 67 9 
2 29 5 3 3 0 1 0 14 39 21 7 
3 11 15 0 8 2 0 0 6 11 34 32 
3 0 15 0 8 2 0 0 6 11 34 32 
3 0 15 0 8 2 0 0 6 11 0 32 
5 14 2 3 1 3 0 0 4 10 9 34 
5 31 4 2 4 4 0 0 3 37 31 23 
1 38 14 3 12 3 1 0 5 22 46 16 
2 2 3 6 13 5 2 1 12 30 38 35 
7 7 1 3 0 0 2 1 6 7 33 7 
7 23 14 6 6 3 0 0 56 39 48 2 
0 37 0 4 11 1 2 0 7 28 45 15 
4 29 12 1 13 0 0 0 8 12 30 20 
4 29 12 1 13 0 0 0 8 21 30 20 
4 29 12 1 13 0 0 0 8 21 0 20 
4 29 12 1 13 0 0 0 22 21 0 20 
1 30 12 0 12 1 3 0 0 3 89 14 
2 8 14 3 13 4 0 1 21 17 33 5 
4 17 11 3 7 5 2 1 1 0 91 4 
7 24 3 0 12 2 2 0 10 0 51 21 
7 24 3 0 12 2 4 0 10 0 51 21 
2 0 1 5 1 0 0 0 8 37 17 2 
3 9 1 3 12 5 0 1 0 3 11 27 
3 9 1 3 12 5 0 1 0 6 11 27 
3 9 1 3 12 0 0 1 0 6 11 27 
3 9 1 3 12 0 2 1 0 6 11 27 
3 14 7 5 10 5 3 1 53 39 59 8 
6 14 9 6 3 0 1 1 11 11 12 24 
7 1 9 0 9 1 4 0 7 13 35 25 
7 1 9 0 9 1 0 0 7 13 35 25 
7 5 15 4 5 5 3 1 14 26 4 0 
7 6 8 1 12 2 1 0 0 28 12 3 
7 31 7 2 7 1 1 1 1 39 64 9 
1 4 15 3 10 5 0 0 59 35 85 11 
1 4 15 3 10 5 0 0 0 35 85 11 
1 4 0 3 10 5 0 0 59 35 85 11 
1 21 1 1 9 2 2 1 2 28 17 27 
1 0 1 1 9 2 2 1 2 28 17 27 
1 29 15 4 2 3 2 1 1 9 65 11 
3 12 0 4 13 3 2 0 15 33 23 27 
7 11 13 0 4 1 0 0 2 12 11 18 
7 33 14 0 2 5 3 1 7 20 7 28 
7 39 9 4 2 4 0 1 1 33 56 4 
0 6 13 5 11 4 0 1 57 38 37 6 
0 26 10 0 5 4 3 0 11 4 10 29 
1 3 13 4 8 4 0 0 4 33 49 6 
1 3 13 4 8 0 0 0 4 33 49 6 
2 15 2 3 9 4 1 0 8 35 6 26 
3 17 5 0 10 3 4 1 1 22 48 8 
4 2 1 6 13 3 1 1 27 29 7 29 
6 2 9 6 8 3 2 0 22 7 9 14 
6 11 12 4 4 1 2 0 2 25 11 37 
6 28 7 0 11 2 2 0 22 4 1 14 
7 2 2 3 13 5 4 1 15 8 18 25 
7 35 0 3 7 5 1 0 0 39 87 9 
7 35 15 3 7 5 1 0 0 39 87 9 
0 30 7 0 7 0 4 1 3 30 23 37 
0 30 0 0 7 0 4 1 3 30 23 37 
0 30 7 0 7 4 4 1 3 30 23 37 
0 30 0 0 7 0 4 1 3 30 10 37 
0 30 0 0 7 1 4 1 3 30 10 37 
4 20 3 0 5 3 2 0 9 34 4 25 
4 29 12 1 13 0 0 0 5 12 30 20 
2 19 13 1 11 5 2 0 2 1 62 4 
2 19 13 1 11 5 3 0 2 1 62 4 
2 19 15 1 11 5 3 0 2 1 62 4 
2 19 14 1 11 5 3 0 2 1 62 4 
3 35 12 1 7 2 4 1 37 5 2 17 
3 35 15 3 8 4 0 1 4 18 39 2 
2 21 2 4 7 3 0 1 13 0 6 36 
7 33 1 6 3 4 1 1 2 3 82 14 
5 37 0 2 6 4 2 0 4 14 99 0 
3 3 0 0 12 4 3 1 0 11 81 19 
4 0 8 1 10 3 0 1 5 28 67 6 
0 30 7 0 7 4 4 1 9 30 23 37 
5 18 0 2 12 3 0 0 10 22 43 7 
1 31 7 5 8 1 0 1 7 26 64 34 
2 34 1 1 13 0 4 0 10 1 71 38 
3 5 4 5 12 0 2 0 7 20 35 30 
4 28 7 2 1 1 3 1 0 36 8 37 
0 1 12 0 2 2 4 1 0 12 72 13 
2 0 15 6 10 5 1 1 0 5 87 37 
2 24 15 6 10 5 1 1 0 5 87 37 
7 3 11 0 8 5 1 0 0 33 68 35 
0 21 15 0 6 0 1 0 4 4 27 0 
5 37 1 3 13 1 2 0 6 36 90 6 
7 39 10 2 3 1 0 1 25 0 5 7 
7 39 10 2 3 1 0 1 0 0 5 7 
0 7 0 0 13 5 3 1 2 28 88 30 
1 20 8 1 3 0 1 1 0 30 10 30 
1 20 8 1 3 0 1 1 4 30 10 30 
4 0 12 4 11 2 0 0 0 11 32 3 
4 0 12 4 11 2 0 0 0 11 99 3 
7 0 15 2 9 3 0 0 11 25 0 9 
3 23 9 2 13 3 2 0 7 39 31 25 
0 23 9 2 13 3 2 0 7 39 31 25 
6 39 8 3 0 2 0 1 4 19 0 29 
5 35 5 4 13 2 0 0 7 11 66 39 
7 35 13 3 6 0 2 0 6 39 60 18 
0 16 1 1 3 4 1 1 0 34 16 18 
5 24 9 2 4 2 3 1 9 30 14 35 
5 24 9 2 4 2 3 1 0 30 14 35 
5 24 9 2 0 2 3 1 9 30 14 35 
5 24 9 2 0 2 3 1 9 30 0 35 
5 24 9 2 0 2 3 1 0 30 0 35 
0 38 1 4 0 4 4 1 23 21 0 22 
0 36 1 4 0 4 4 1 23 21 0 22 
2 36 14 4 12 5 0 0 5 17 92 8 
2 0 14 4 12 5 0 0 5 17 92 8 
0 35 15 0 7 1 2 0 8 38 43 13 
0 0 0 2 9 2 2 0 2 37 0 28 
0 1 0 2 9 2 2 0 2 37 0 28 
5 5 9 5 3 3 0 0 0 38 35 33 
1 4 4 0 4 2 0 1 8 11 0 39 
6 9 14 4 9 2 1 1 9 36 36 33 
4 25 14 2 8 1 3 1 0 36 71 23 
6 0 8 3 0 2 0 1 0 19 38 29 
6 0 14 3 0 2 0 1 0 19 38 29 
6 17 2 2 2 2 1 1 0 37 0 0 
6 17 2 3 2 2 1 1 0 37 0 0 
0 1 2 4 0 3 2 1 0 35 39 6 
0 28 2 4 0 3 2 1 0 35 39 6 
4 18 3 0 12 3 0 0 16 19 0 10 
7 21 6 1 3 2 2 0 0 32 75 30 
6 22 8 2 9 2 3 0 12 30 58 30 
6 39 8 5 12 2 1 0 36 37 0 29 
6 39 8 5 12 2 1 0 9 37 92 38 
0 32 4 4 5 4 1 1 0 30 95 16 
4 2 1 0 13 3 1 1 0 29 7 29 
5 8 11 5 7 3 0 1 0 36 74 30 
0 35 13 0 7 1 2 0 0 38 43 13 
0 2 13 0 7 1 2 0 0 38 43 13 
0 27 13 0 7 1 2 0 0 38 43 13 
0 0 13 0 7 1 2 0 0 38 43 13 
0 39 13 0 7 1 2 0 0 38 43 13 
0 0 0 0 7 1 2 0 0 38 43 13 
0 0 0 0 7 1 2 0 0 0 43 13 
0 2 0 0 7 1 2 0 0 0 43 13 
5 2 9 0 12 1 3 1 0 16 17 13 
5 0 9 0 12 1 3 1 0 16 17 13 
5 0 9 0 12 1 3 1 0 16 12 13 
5 0 9 0 12 1 3 1 0 16 10 13 
5 31 13 2 2 4 3 0 0 6 79 9 
0 1 9 4 5 5 1 0 0 31 91 13 
3 24 14 1 12 5 1 1 0 27 68 29 
0 11 13 6 6 2 2 1 0 25 88 11 
1 9 7 4 8 3 0 0 0 38 84 20 
0 1 0 2 9 2 2 0 0 37 0 28 
3 37 15 0 4 0 0 1 0 24 3 16 
3 37 15 0 4 0 0 1 14 24 0 16 
3 37 15 0 4 0 0 1 14 31 0 16 
1 7 10 1 11 3 1 0 0 30 42 16 
