1 0 19 11 0 5 0 0 13 20 9 22 
1 0 39 10 2 5 0 0 40 2 18 23 
1 1 18 7 3 11 3 1 63 18 31 9 
1 5 28 1 2 3 0 0 5 39 91 30 
1 6 12 3 1 3 2 1 5 18 6 15 
1 6 25 1 6 12 1 0 19 16 19 5 
2 2 33 9 3 12 2 0 5 35 88 33 
3 0 10 3 3 11 1 1 12 22 9 8 
3 0 10 3 3 11 1 1 12 0 9 8 
3 2 19 0 5 1 2 0 5 21 38 38 
3 2 19 0 5 1 2 0 5 21 38 0 
3 3 19 4 5 13 2 1 92 30 97 0 
3 3 19 4 5 13 2 1 0 30 97 0 
3 5 31 12 3 10 5 1 52 15 9 1 
3 7 8 8 4 12 2 1 14 2 25 15 
3 7 8 8 4 12 2 1 14 2 25 21 
3 7 8 8 4 12 2 1 14 2 28 15 
3 7 8 8 4 12 2 1 14 2 6 15 
3 7 8 8 4 12 2 1 14 4 25 21 
4 0 3 11 0 6 2 0 1 39 5 39 
4 4 4 10 2 4 3 1 3 34 88 26 
4 4 4 10 2 4 3 1 3 0 88 26 
4 5 20 14 5 1 4 0 6 10 22 14 
4 6 2 4 2 11 4 1 0 34 18 1 
5 0 1 4 2 9 0 1 5 30 10 13 
5 7 24 0 4 6 0 0 4 33 26 31 
5 7 24 0 4 6 0 0 4 33 90 31 
6 1 0 12 5 4 0 0 4 15 48 34 
6 2 20 1 2 6 1 1 5 32 92 34 
6 2 23 10 3 2 2 1 0 14 17 12 
6 4 25 1 2 8 4 0 1 39 20 16 
6 4 25 6 2 8 4 0 1 39 20 16 
6 5 0 9 2 6 2 1 0 3 92 32 
6 5 28 2 6 11 5 0 18 38 11 24 
6 6 35 4 4 4 5 1 19 22 10 12 
6 6 34 4 4 4 5 1 19 22 10 12 
8 6 34 4 4 4 5 1 19 22 10 12 
8 6 34 6 4 4 5 1 19 22 10 12 
7 6 34 4 4 4 5 1 19 22 10 12 
7 2 30 0 3 13 0 0 20 30 34 19 
7 3 9 4 5 5 1 0 15 22 13 31 
7 4 12 11 3 7 5 0 6 7 12 14 
7 4 12 11 3 7 5 0 6 7 99 14 
7 4 14 7 3 12 3 0 9 10 18 39 
7 6 31 2 2 12 1 0 7 22 12 36 
8 0 4 15 2 0 2 0 11 35 14 14 
8 1 10 5 6 11 1 0 11 38 21 9 
8 3 17 15 5 13 3 0 4 12 87 26 
8 6 14 10 5 5 3 0 5 36 4 7 
8 7 16 0 2 0 1 0 7 8 80 16 
8 7 18 9 3 10 0 0 2 18 87 9 
9 2 17 2 3 5 4 0 17 33 17 11 
9 3 30 14 5 8 2 0 18 18 25 35 
9 4 1 8 0 1 5 1 13 2 53 21 
9 4 16 4 3 12 4 0 2 32 1 22 
9 7 15 14 0 4 0 0 3 21 15 7 
9 6 15 14 0 4 0 0 3 21 15 7 
9 7 20 7 5 4 0 1 14 38 18 8 
9 7 20 7 5 4 0 1 0 38 18 8 
9 7 20 7 5 4 0 1 0 30 18 8 
9 7 32 7 5 4 0 1 14 38 18 8 
9 7 39 7 5 4 0 1 0 30 18 8 
9 7 39 7 5 4 0 1 0 30 0 8 
9 7 0 7 5 4 0 1 0 30 0 8 
9 7 20 7 5 4 0 1 0 30 18 0 
9 7 20 0 5 4 0 1 0 30 18 0 
9 7 20 7 5 4 0 1 0 30 0 8 
1 3 19 0 0 7 4 0 5 28 44 14 
1 3 14 0 0 7 4 0 5 28 44 14 
9 7 39 6 1 1 2 1 5 13 0 6 
1 4 20 15 1 6 3 0 1 6 98 24 
1 0 20 15 1 6 3 0 1 6 98 24 
2 1 0 14 5 10 4 0 27 36 62 23 
6 4 25 6 2 8 5 0 4 39 20 16 
8 4 25 6 2 8 5 0 4 39 20 16 
9 4 31 2 3 13 3 1 10 38 0 14 
4 2 0 15 5 0 1 0 6 27 53 24 
9 3 38 14 5 11 2 0 0 37 19 1 
3 1 32 3 4 10 4 0 10 1 84 39 
5 6 13 15 6 12 2 0 1 22 96 20 
7 1 29 13 3 13 0 1 13 33 2 37 
7 1 29 13 3 13 0 1 13 33 0 37 
7 1 29 13 3 13 0 1 13 33 22 37 
7 4 37 13 1 3 2 1 1 16 5 11 
4 6 34 14 2 11 4 0 8 28 49 27 
1 0 4 2 1 7 1 1 0 25 10 19 
1 0 4 2 1 7 1 1 4 25 10 19 
2 7 34 9 2 0 4 0 0 32 5 32 
7 5 9 9 4 6 1 1 0 36 5 14 
7 5 14 9 4 6 1 1 0 36 5 14 
7 5 9 9 4 6 1 1 4 36 5 14 
9 7 11 2 1 8 5 1 0 21 5 33 
4 1 0 0 5 5 2 1 0 15 60 24 
6 3 19 1 6 1 3 1 11 22 2 24 
6 4 0 5 5 11 1 0 5 37 15 27 
6 4 2 5 5 11 1 0 5 37 15 27 
9 1 21 3 5 1 3 0 8 32 2 39 
9 4 24 0 6 8 2 1 5 31 90 39 
6 7 38 2 1 8 2 1 9 20 0 18 
3 7 17 0 2 1 4 0 0 35 63 39 
7 2 5 4 0 4 0 1 9 19 0 1 
7 4 21 8 4 6 4 1 22 10 0 0 
8 4 38 5 2 9 1 1 0 33 4 12 
2 1 9 8 6 1 0 1 16 14 0 9 
2 1 9 8 6 1 0 1 16 14 4 9 
6 1 0 15 2 0 2 1 17 25 8 26 
3 1 29 6 0 13 1 1 0 20 12 7 
3 1 29 6 0 13 1 1 4 20 12 7 
4 7 27 14 1 3 3 1 0 36 46 8 
8 4 38 5 2 9 1 1 22 33 4 12 
8 0 38 5 2 9 1 1 22 33 4 12 
8 4 36 5 2 9 1 1 0 33 4 12 
8 4 36 5 2 9 1 1 4 33 4 12 
8 4 38 5 2 9 1 1 4 33 4 12 
9 2 3 8 2 7 1 0 0 37 62 0 
9 2 3 8 3 7 1 0 0 37 62 0 
4 6 36 10 6 6 2 0 5 1 93 19 
4 7 9 5 2 11 5 0 10 9 7 32 
6 7 7 2 0 12 4 0 0 23 24 16 
6 7 7 2 0 12 4 0 4 23 24 16 
9 7 7 2 0 12 4 0 6 23 24 16 
7 0 6 7 1 9 3 1 0 21 56 5 
8 0 38 5 2 9 1 1 0 33 99 12 
8 0 38 5 2 9 1 1 4 33 99 12 
9 3 23 2 0 13 4 0 0 7 76 20 
1 3 10 12 3 7 0 1 9 25 12 0 
2 7 30 5 3 8 2 0 0 26 72 3 
4 4 27 10 2 13 2 0 6 3 99 37 
9 5 38 10 6 11 5 0 10 38 36 31 
1 0 12 3 0 4 1 1 0 32 11 16 
1 0 12 3 0 13 1 1 0 32 11 16 
2 7 22 12 2 12 0 1 0 17 71 24 
5 4 24 10 1 8 3 1 0 34 5 30 
6 4 0 3 2 5 1 1 3 23 0 1 
6 5 15 2 3 2 2 0 14 14 5 11 
1 5 15 2 3 2 2 0 14 14 5 11 
1 5 15 2 3 2 2 0 14 39 5 11 
8 5 26 5 4 3 4 1 0 35 8 26 
1 4 9 5 2 10 2 0 10 37 50 31 
3 0 33 1 5 13 5 0 36 35 0 22 
3 2 4 1 2 0 5 0 0 28 52 36 
3 6 21 14 6 5 2 0 22 39 22 21 
3 7 17 0 2 1 4 0 3 35 0 39 
4 0 38 13 3 0 4 0 0 21 41 30 
4 6 19 2 1 1 1 0 0 21 75 20 
5 0 1 1 1 3 5 0 21 2 0 31 
5 7 25 14 2 11 5 1 0 28 52 12 
5 7 0 14 2 11 5 1 0 28 52 12 
1 0 8 5 0 1 0 0 0 35 32 21 
1 0 14 1 3 10 5 0 14 19 25 39 
1 0 14 12 3 10 5 0 14 19 25 39 
1 0 14 0 3 10 5 0 14 19 25 39 
1 0 19 8 5 13 2 1 22 14 10 16 
1 7 19 8 5 13 2 1 22 14 10 16 
1 0 34 0 2 5 4 1 6 34 23 3 
1 3 19 0 0 7 0 0 0 28 44 14 
1 6 25 1 6 12 1 0 19 0 0 5 
1 7 34 8 0 13 1 0 0 13 62 34 
2 0 26 6 1 0 3 0 0 26 35 37 
4 0 26 6 1 0 3 0 0 26 35 37 
4 0 26 6 1 0 0 0 0 26 35 37 
2 0 26 6 1 0 3 0 9 26 0 37 
2 0 26 6 1 0 3 0 22 26 0 37 
