1 3 18 2 6 0 3 0 4 2 37 24 
1 3 19 11 2 11 3 0 6 17 51 29 
1 3 37 11 2 11 3 0 6 17 51 29 
1 3 19 11 2 10 3 0 6 17 51 29 
1 0 19 11 2 10 3 0 6 17 51 29 
1 6 13 10 3 10 5 0 45 31 56 8 
1 7 28 12 3 10 1 1 18 1 4 1 
1 7 28 12 3 10 1 1 18 1 0 1 
2 1 21 4 1 8 5 0 48 20 43 2 
2 4 6 10 5 11 0 0 52 36 81 6 
3 1 2 14 6 10 3 1 14 23 59 37 
3 1 2 14 6 10 5 1 14 23 59 37 
3 1 36 3 5 8 3 0 68 18 4 5 
3 2 31 6 5 2 2 0 8 2 27 14 
3 4 26 8 0 5 4 1 7 38 1 27 
3 6 0 6 5 11 4 0 12 36 39 28 
3 6 38 14 5 12 2 1 71 33 9 6 
4 1 24 8 2 5 5 1 3 8 69 29 
4 1 24 8 2 5 0 1 3 8 69 29 
9 1 24 8 2 5 0 1 3 8 69 29 
4 4 28 9 4 13 5 0 75 11 32 0 
4 4 28 6 4 13 5 0 75 11 32 0 
4 4 28 9 4 13 5 0 75 11 32 4 
4 4 28 9 4 12 5 0 75 11 32 4 
4 6 14 13 1 10 5 1 6 35 13 11 
4 7 24 7 6 0 2 0 20 34 8 22 
5 0 23 14 0 5 0 1 0 20 51 13 
5 4 38 3 1 4 2 0 6 23 2 39 
6 0 5 9 6 10 1 0 36 39 83 2 
6 2 15 12 4 1 5 0 3 5 81 30 
6 2 22 0 6 1 3 0 19 35 13 12 
6 2 22 0 6 1 3 0 19 35 13 24 
6 2 22 0 6 1 3 0 19 35 0 24 
6 3 8 1 1 3 0 1 4 1 99 25 
6 7 17 10 6 9 4 1 5 25 51 19 
6 7 30 1 1 5 0 0 0 19 8 22 
6 7 30 10 1 5 0 0 0 19 8 22 
6 7 30 10 1 5 0 0 4 19 8 22 
6 7 39 10 1 5 0 0 4 19 8 22 
7 6 28 0 0 1 2 1 0 17 10 13 
8 6 28 0 0 1 2 1 0 17 10 13 
8 6 36 0 0 1 2 1 0 17 10 13 
7 6 28 0 0 11 2 1 0 17 10 13 
7 7 38 14 6 13 3 1 82 31 19 0 
8 4 34 12 1 10 2 0 15 32 4 32 
8 5 4 1 5 12 1 1 0 37 54 5 
8 5 8 8 5 11 2 1 22 5 1 35 
8 5 31 3 0 13 2 0 17 33 4 7 
9 0 3 11 4 8 2 1 0 32 9 32 
9 0 34 3 1 0 5 0 10 34 2 16 
9 2 4 5 1 7 0 0 5 32 78 31 
9 5 23 12 4 13 3 1 13 14 34 14 
9 6 22 5 5 0 0 1 9 37 25 3 
9 7 38 2 3 1 2 0 0 39 24 4 
7 7 38 2 3 1 2 0 0 39 24 4 
7 7 38 2 3 1 2 0 0 39 2 4 
7 7 0 2 3 1 2 0 0 39 24 4 
7 4 16 0 4 10 3 0 4 36 2 38 
1 7 28 12 3 10 1 1 36 1 4 1 
3 3 9 6 5 2 4 0 9 14 17 22 
9 6 34 0 2 8 5 1 8 25 55 37 
1 1 2 14 0 10 3 1 14 23 0 37 
2 0 29 15 2 9 1 1 75 29 0 0 
5 6 1 11 0 2 0 1 0 1 4 30 
6 2 20 13 0 1 2 0 2 18 90 37 
9 4 4 5 1 12 0 0 5 32 6 31 
3 4 12 7 3 5 0 1 9 25 0 20 
7 5 25 1 2 9 1 1 0 18 5 0 
1 3 19 11 2 13 3 0 5 17 51 0 
1 3 0 11 6 13 0 0 9 17 51 0 
1 3 0 11 6 13 0 0 9 39 51 0 
1 3 0 11 6 13 0 0 40 39 51 0 
1 3 0 11 6 13 0 0 42 17 51 0 
1 3 1 11 6 13 0 0 40 39 51 0 
1 3 1 11 6 13 0 0 40 39 51 1 
9 3 1 11 6 13 0 0 40 39 51 1 
1 3 1 11 0 13 0 0 40 39 51 1 
5 2 34 13 0 2 1 1 9 30 11 16 
6 1 0 14 2 4 1 1 6 32 0 0 
6 5 3 4 0 12 4 0 0 26 35 3 
6 5 3 4 0 12 4 0 4 26 35 3 
6 5 3 4 0 12 4 0 4 26 0 3 
6 7 15 12 4 1 5 0 3 0 23 30 
6 7 15 12 4 1 5 0 3 0 23 0 
6 7 15 12 4 1 5 0 3 0 5 0 
7 5 11 0 1 2 2 0 0 0 76 15 
7 5 11 0 1 2 2 0 0 1 76 15 
9 5 11 0 1 2 2 0 0 1 76 15 
9 1 3 1 2 3 2 0 0 33 2 2 
9 4 4 5 1 12 0 0 0 32 2 31 
9 4 4 5 1 12 0 0 0 32 99 31 
7 7 17 5 3 13 4 1 5 35 0 36 
3 6 0 12 2 9 3 1 5 5 94 6 
7 1 31 13 5 2 4 0 9 37 67 2 
6 4 35 14 0 7 5 1 6 26 0 20 
6 4 20 14 0 7 5 1 6 26 0 20 
9 4 4 5 1 12 0 0 4 37 99 0 
9 4 4 5 1 12 0 0 4 0 99 0 
9 4 4 5 1 12 0 0 4 0 99 4 
9 4 4 5 3 12 0 0 4 37 99 0 
9 4 4 5 3 12 0 0 4 37 88 0 
9 5 18 14 0 4 0 0 5 25 0 5 
2 0 3 9 1 1 3 0 17 31 0 3 
7 2 24 5 1 8 4 0 4 28 0 36 
9 7 6 5 2 8 1 1 0 39 31 35 
7 7 17 5 3 13 0 1 0 35 0 36 
7 7 17 5 3 13 1 1 0 35 0 36 
3 0 36 11 2 13 0 1 11 34 17 31 
5 0 36 11 2 13 0 1 11 34 17 31 
3 0 36 11 2 0 0 1 11 34 17 31 
5 3 0 8 0 5 5 0 0 5 15 14 
6 1 0 14 2 4 5 1 8 32 0 0 
6 1 0 14 2 4 0 1 8 32 0 0 
6 2 0 14 2 4 5 1 8 32 0 0 
7 6 28 8 0 11 2 1 0 17 10 13 
1 1 1 11 3 8 5 1 0 29 49 21 
1 7 23 13 0 6 5 0 0 24 3 5 
9 7 23 13 0 6 5 0 0 24 3 5 
7 7 23 13 0 6 5 0 0 24 3 5 
1 7 23 13 0 6 0 0 0 24 3 5 
1 7 23 13 0 6 1 0 0 24 3 5 
1 7 32 13 0 6 1 0 0 24 3 5 
9 7 23 13 0 6 5 0 0 24 99 5 
1 7 23 13 0 6 1 0 4 24 3 5 
1 7 23 13 0 6 1 0 4 24 0 5 
2 5 10 9 5 0 3 1 8 26 22 9 
5 6 37 12 1 13 3 1 12 35 5 18 
8 6 31 12 0 6 5 1 11 3 10 20 
8 6 31 12 0 6 5 1 11 20 10 20 
8 6 31 12 0 6 5 1 0 20 10 20 
8 6 31 12 1 6 5 1 11 20 10 20 
8 6 31 12 1 6 5 1 14 20 0 20 
1 3 14 2 2 12 4 1 0 32 56 24 
1 3 14 2 2 12 4 1 4 32 56 24 
1 4 1 5 5 12 0 0 0 37 99 4 
1 4 1 5 5 12 0 0 0 37 99 0 
1 4 1 5 5 12 0 0 0 37 88 0 
1 4 30 5 5 12 0 0 0 37 88 0 
1 6 26 3 1 8 1 0 20 0 21 30 
2 5 20 5 1 13 3 0 36 2 28 0 
2 5 20 5 1 13 3 0 36 2 0 0 
5 2 7 6 1 13 3 1 0 14 71 5 
3 2 7 3 0 11 3 1 0 12 3 18 
3 7 18 11 1 1 2 0 0 18 74 33 
3 7 18 0 1 1 2 0 0 18 74 33 
3 7 18 3 1 1 2 0 0 18 74 33 
6 7 39 10 1 5 0 0 0 19 8 22 
6 7 0 10 1 5 0 0 0 19 8 22 
9 3 9 10 3 2 0 1 6 24 15 6 
1 7 23 13 0 6 5 0 22 24 3 5 
2 7 9 3 0 8 5 1 0 5 75 25 
3 0 36 11 2 3 0 1 10 34 17 31 
4 7 11 11 1 0 0 0 0 26 89 23 
4 7 11 11 1 0 0 0 0 28 89 23 
4 7 11 11 1 0 0 0 0 26 80 23 
5 1 15 6 4 6 3 1 0 19 77 13 
7 3 1 0 3 3 3 1 22 35 5 13 
8 5 6 11 1 0 0 0 4 15 14 17 
3 2 38 0 2 8 0 0 2 29 57 7 
3 2 38 0 2 8 0 0 2 32 57 7 
3 2 38 0 2 8 0 0 0 32 57 7 
3 2 6 0 2 8 0 0 0 32 57 7 
3 2 6 0 2 8 0 0 0 32 57 6 
3 2 6 0 2 8 2 0 0 32 57 6 
1 7 2 10 0 11 0 1 0 10 57 34 
1 7 24 10 0 11 0 1 0 10 57 34 
1 7 2 13 0 6 1 0 0 24 3 5 
1 7 2 0 0 6 1 0 0 24 3 5 
1 7 24 13 0 6 1 0 0 24 3 5 
