0 7 3 4 19 1 0 3 0 4 1 7 2 1 1 2 2 0 0 
0 21 4 9 141 1 4 3 0 4 0 2 0 0 2 1 2 0 1 
0 22 4 5 35 0 2 4 1 3 2 7 0 1 3 2 1 0 1 
0 25 1 4 153 2 2 4 1 1 2 5 2 0 1 3 1 0 0 
0 25 3 6 26 2 3 2 2 1 0 8 1 0 4 3 1 1 0 
0 26 3 9 170 4 1 1 1 3 1 8 0 1 2 2 1 1 0 
0 26 3 9 170 4 1 1 1 3 1 8 0 1 4 2 1 1 0 
0 26 4 9 200 3 1 3 2 4 2 5 0 1 1 0 2 0 0 
0 44 1 5 56 0 4 4 2 4 1 4 0 2 2 0 2 0 0 
0 44 1 5 56 1 4 4 2 4 1 4 0 2 2 0 2 0 0 
0 45 1 9 67 1 1 4 2 4 0 1 1 1 1 2 1 0 0 
0 45 1 9 67 1 1 4 2 4 0 1 1 0 1 2 1 0 0 
0 45 1 9 67 1 1 4 2 4 0 1 1 0 1 0 1 0 0 
0 45 1 9 67 1 1 4 2 4 0 1 1 1 3 2 1 0 0 
0 45 1 9 67 1 1 4 2 4 1 1 1 1 1 2 1 0 0 
0 45 1 9 67 1 1 4 2 4 0 1 1 1 3 3 1 0 0 
0 45 1 9 67 1 1 4 2 4 0 1 1 2 3 3 1 0 0 
0 17 1 9 67 1 1 4 2 4 0 1 1 2 3 3 1 0 0 
0 50 2 5 81 3 3 2 1 3 1 7 2 0 1 3 2 0 0 
0 53 4 5 53 2 4 4 0 3 0 5 0 2 4 0 1 0 1 
0 75 1 6 116 1 0 4 0 3 2 3 1 1 2 2 1 0 1 
0 75 1 6 116 1 0 4 0 3 0 3 1 1 2 2 1 0 1 
0 75 1 6 116 1 0 4 0 3 1 3 1 1 2 2 1 0 1 
0 75 1 6 116 1 0 4 1 3 0 3 1 1 2 2 1 0 1 
0 75 1 6 116 1 0 4 2 3 0 3 1 1 2 2 1 0 1 
0 75 1 6 116 1 1 4 0 3 1 3 1 1 2 2 1 0 1 
0 75 1 6 116 1 1 4 0 3 1 3 1 1 2 2 1 0 0 
2 75 1 6 116 1 1 4 0 3 1 3 1 1 2 2 1 0 0 
2 75 1 6 123 1 1 4 0 3 1 3 1 1 2 2 1 0 0 
2 75 1 6 123 1 1 4 0 3 1 3 1 0 2 2 1 0 0 
2 75 1 6 129 1 1 4 0 3 1 3 1 0 2 2 1 0 0 
2 75 1 6 129 1 1 4 1 3 1 3 1 0 2 2 1 0 0 
2 75 1 6 129 1 1 4 1 3 1 3 1 0 2 3 1 0 0 
2 75 1 6 129 1 1 4 1 3 1 3 1 0 3 2 1 0 0 
2 75 0 6 129 1 1 4 1 3 1 3 1 0 3 2 1 0 0 
2 75 1 6 129 1 1 4 1 3 1 3 1 0 1 2 1 0 0 
0 75 1 6 116 1 0 4 2 3 0 3 1 1 3 2 1 0 1 
0 75 1 6 116 1 0 4 2 3 0 3 1 1 3 0 1 0 1 
2 73 1 6 129 1 1 4 1 3 1 3 1 0 2 3 1 0 0 
0 73 1 6 116 1 0 4 2 3 0 3 1 1 3 2 1 0 1 
0 73 1 6 116 1 0 4 2 3 0 3 1 1 3 0 1 0 1 
0 73 1 6 116 1 0 4 2 3 0 3 1 1 3 1 1 0 1 
0 73 2 6 116 1 0 4 2 3 0 3 1 1 3 1 1 0 1 
1 73 1 6 116 1 0 4 2 3 0 3 1 1 3 1 1 0 1 
1 73 1 6 137 1 0 4 2 3 0 3 1 1 3 1 1 0 1 
1 10 1 4 8 3 1 4 2 2 1 1 2 0 2 0 1 0 0 
1 17 4 2 28 2 0 1 2 2 2 5 2 2 3 0 2 1 0 
1 21 0 0 11 2 3 2 0 1 1 7 1 2 4 1 1 1 1 
1 28 0 8 47 2 2 3 2 2 2 7 0 1 3 0 2 0 1 
1 28 0 8 47 2 2 3 2 2 0 7 0 1 3 0 2 0 1 
1 28 0 8 47 2 2 3 2 1 2 7 0 1 3 0 2 0 1 
1 28 0 8 47 2 2 3 2 4 2 7 0 1 3 0 2 0 1 
1 28 0 8 47 2 2 3 2 1 3 7 0 1 3 0 2 0 1 
1 28 0 8 47 2 4 3 2 4 2 7 0 1 3 0 2 0 1 
1 28 4 8 47 2 2 3 2 1 3 7 0 1 3 0 2 0 1 
1 28 0 8 47 4 2 3 2 2 0 7 0 1 3 0 2 0 1 
1 28 4 8 47 2 0 3 2 1 3 7 0 1 3 0 2 0 1 
1 28 4 9 47 2 0 3 2 1 3 7 0 1 3 0 2 0 1 
1 28 0 9 47 2 0 3 2 1 3 7 0 1 3 0 2 0 1 
0 28 0 9 47 2 0 3 2 1 3 7 0 1 3 0 2 0 1 
0 28 0 9 47 2 0 3 2 1 3 7 2 1 3 0 2 0 1 
0 28 0 9 47 2 0 3 2 1 0 7 2 1 3 0 2 0 1 
0 28 0 9 47 2 0 3 2 1 0 7 2 2 3 0 2 0 1 
0 28 0 9 47 2 0 3 2 1 3 7 2 1 4 0 2 0 1 
0 28 0 9 47 2 0 1 2 1 3 7 2 1 4 0 2 0 1 
0 28 0 9 47 2 0 1 2 1 3 8 2 1 4 0 2 0 1 
0 28 0 9 47 2 0 1 2 1 0 8 2 1 4 0 2 0 1 
0 28 0 9 47 2 0 4 2 1 3 8 2 1 4 0 2 0 1 
0 28 0 9 47 2 0 1 2 1 1 8 2 1 4 0 2 0 1 
1 28 4 8 47 2 0 3 2 1 3 7 0 1 1 0 2 0 1 
1 28 4 8 47 2 0 3 0 1 3 7 0 1 1 0 2 0 1 
1 28 4 8 47 2 0 1 2 1 3 7 0 1 1 0 2 0 1 
1 28 0 8 47 2 0 1 2 1 3 7 0 1 1 0 2 0 1 
1 28 0 6 47 2 0 1 2 1 3 7 0 1 1 0 2 0 1 
1 28 0 10 47 2 0 1 2 1 3 7 0 1 1 0 2 0 1 
1 28 0 8 47 2 0 1 2 1 3 7 0 1 1 1 2 0 1 
1 28 0 8 11 2 0 1 2 1 3 7 0 1 1 1 2 0 1 
1 28 4 8 47 2 0 4 0 1 3 7 0 1 1 0 2 0 1 
1 28 4 8 1 2 0 4 0 1 3 7 0 1 1 0 2 0 1 
1 28 4 8 47 2 0 4 0 1 3 7 2 1 1 0 2 0 1 
0 28 0 9 47 2 0 1 2 1 1 8 2 1 4 0 2 1 1 
0 28 0 9 47 3 0 3 2 1 3 7 2 1 4 0 2 0 1 
0 28 0 9 47 3 0 3 2 1 0 7 2 1 4 0 2 0 1 
0 28 0 10 47 3 0 3 2 1 0 7 2 1 4 0 2 0 1 
0 28 0 9 47 3 0 3 2 1 0 7 0 1 4 0 2 0 1 
0 64 0 9 47 2 0 1 2 1 1 8 2 1 4 0 2 0 1 
0 64 0 0 47 2 0 1 2 1 1 8 2 1 4 0 2 0 1 
0 37 0 0 47 2 0 1 2 1 1 8 2 1 4 0 2 0 1 
0 37 0 0 65 2 0 1 2 1 1 8 2 1 4 0 2 0 1 
0 37 0 0 47 2 0 1 2 1 1 7 2 1 4 0 2 0 1 
0 37 0 0 47 2 0 4 2 1 1 7 2 1 4 0 2 0 1 
2 37 0 0 47 2 0 1 2 1 1 7 2 1 4 0 2 0 1 
0 37 1 0 47 2 0 4 2 1 1 7 2 1 4 0 2 0 1 
0 37 1 3 47 2 0 4 2 1 1 7 2 1 4 0 2 0 1 
1 28 0 9 47 2 1 3 2 1 3 7 0 1 3 0 2 0 1 
1 28 0 9 47 2 0 3 2 1 3 7 0 1 3 1 2 0 1 
1 28 0 9 47 2 0 1 2 1 3 7 0 1 3 1 2 0 1 
0 28 0 9 47 2 1 3 2 1 3 7 2 1 3 0 2 0 1 
0 28 0 9 47 2 1 3 2 1 0 7 2 1 3 0 2 0 1 
0 28 0 9 47 4 1 3 2 1 0 7 2 1 3 0 2 0 1 
0 28 0 9 47 4 1 3 2 1 0 7 2 1 1 0 2 0 1 
0 28 0 9 47 4 1 3 2 1 0 7 2 1 2 0 2 0 1 
1 28 0 8 47 2 2 1 2 2 0 7 0 1 3 0 2 0 1 
1 28 0 8 47 2 2 1 2 2 0 7 0 2 3 0 2 0 1 
1 28 0 8 47 2 2 1 2 2 3 7 0 2 3 0 2 0 1 
1 28 0 8 47 2 2 1 2 2 0 7 0 1 3 2 2 0 1 
1 28 0 8 47 2 2 1 2 2 0 7 2 1 3 2 2 0 1 
1 28 4 8 47 2 0 3 2 1 3 7 0 1 1 1 2 0 1 
1 28 4 8 47 2 0 3 2 1 3 8 0 1 1 1 2 0 1 
1 28 4 8 47 2 0 3 2 1 3 8 0 2 1 1 2 0 1 
1 28 0 8 47 2 0 3 2 1 3 8 0 1 1 1 2 0 1 
1 28 0 8 1 2 0 3 2 1 3 8 0 1 1 1 2 0 1 
1 28 0 8 48 2 0 3 2 1 3 8 0 1 1 1 2 0 1 
1 28 4 10 47 2 0 3 2 1 3 8 0 2 1 1 2 0 1 
1 28 4 8 47 2 0 3 2 1 3 8 0 1 2 1 2 0 1 
1 28 4 8 200 2 0 3 2 1 3 8 0 1 1 1 2 0 1 
1 28 0 8 48 2 0 3 2 1 3 8 0 0 1 1 2 0 1 
1 28 4 8 47 2 0 3 2 1 3 8 0 2 2 1 2 0 1 
1 28 2 8 48 2 0 3 2 1 3 8 0 1 1 1 2 0 1 
1 28 3 8 48 2 0 3 2 1 3 8 0 1 1 1 2 0 1 
1 28 3 10 48 2 0 3 2 1 3 8 0 1 1 1 2 0 1 
1 28 3 10 48 2 0 3 2 1 3 8 0 1 1 0 2 0 1 
1 28 3 10 48 2 1 3 2 1 3 8 0 1 1 0 2 0 1 
1 28 3 10 181 2 0 3 2 1 3 8 0 1 1 1 2 0 1 
1 28 3 10 48 2 0 3 2 1 3 8 0 0 1 1 2 0 1 
1 33 3 8 48 2 0 3 2 1 3 8 0 1 1 1 2 0 1 
1 28 0 8 48 2 0 3 2 1 0 8 0 1 1 1 2 0 1 
1 28 3 10 48 2 1 3 2 1 3 8 0 1 1 3 2 0 1 
1 28 4 10 48 2 1 3 2 1 3 8 0 1 1 3 2 0 1 
1 28 3 10 47 2 1 3 2 1 3 8 0 1 1 3 2 0 1 
1 28 3 10 48 2 1 3 0 1 3 8 0 1 1 3 2 0 1 
1 28 0 8 48 2 0 3 2 1 3 8 0 2 1 1 2 0 1 
1 28 0 10 48 2 0 3 2 1 3 8 0 2 1 1 2 0 1 
1 28 0 10 48 4 0 3 2 1 3 8 0 2 1 1 2 0 1 
1 28 0 10 12 4 0 3 2 1 3 8 0 2 1 1 2 0 1 
1 28 0 10 48 4 0 3 2 1 3 8 0 2 1 2 2 0 1 
1 28 0 10 7 4 0 3 2 1 3 8 0 2 1 2 2 0 1 
1 28 0 10 48 2 0 1 2 1 3 8 0 2 1 1 2 0 1 
1 28 0 10 48 2 0 1 2 1 3 8 0 0 1 1 2 0 1 
1 28 0 10 48 2 0 4 2 1 3 8 0 0 1 1 2 0 1 
1 30 0 10 48 2 0 4 2 1 3 8 0 0 1 1 2 0 1 
1 30 0 10 48 0 0 4 2 1 3 8 0 0 1 1 2 0 1 
1 30 0 10 1 0 0 4 2 1 3 8 0 0 1 1 2 0 1 
1 30 0 10 48 2 0 4 0 1 3 8 0 0 1 1 2 0 1 
1 28 0 10 48 2 4 4 2 1 3 8 0 0 1 1 2 0 1 
1 28 0 10 48 4 0 3 2 1 3 8 0 2 1 0 2 0 1 
1 28 0 10 48 4 0 3 2 1 3 8 2 2 1 0 2 0 1 
2 28 0 10 48 4 0 3 2 1 3 8 2 2 1 0 2 0 1 
2 28 0 10 48 4 0 3 2 1 3 8 2 2 1 0 1 0 1 
2 28 0 10 48 4 0 3 2 1 3 8 2 2 1 0 2 1 1 
2 28 0 10 48 4 0 3 2 1 3 8 2 2 1 3 2 1 1 
2 28 0 10 48 4 0 3 2 1 0 8 2 2 1 3 2 1 1 
2 28 0 10 48 4 0 3 2 1 0 8 2 2 3 3 2 1 1 
2 28 0 10 48 4 0 3 2 1 3 8 0 2 1 3 2 1 1 
2 28 1 10 48 4 0 3 2 1 3 8 2 2 1 0 2 1 1 
1 28 0 10 48 4 0 3 2 1 3 8 2 2 1 2 2 0 1 
2 28 0 10 48 4 0 3 2 1 3 7 2 2 1 3 2 1 1 
2 28 0 10 48 4 0 3 2 1 0 7 2 2 1 3 2 1 1 
2 28 0 10 48 4 0 3 2 1 0 7 2 2 1 0 2 1 1 
2 28 0 10 48 4 0 3 2 1 3 7 2 2 3 3 2 1 1 
2 28 0 10 48 4 0 3 2 1 1 7 2 2 1 3 2 1 1 
2 28 0 10 48 4 0 1 2 1 1 7 2 2 1 3 2 1 1 
1 28 4 8 47 2 0 1 2 1 3 7 0 1 2 0 2 0 1 
2 28 0 9 47 2 0 1 2 1 3 7 2 1 4 0 2 0 1 
2 28 0 9 47 2 0 1 2 4 3 7 2 1 4 0 2 0 1 
2 28 2 9 47 2 0 1 2 1 3 7 2 1 4 0 2 0 1 
2 28 0 9 47 2 0 1 2 4 0 7 2 1 4 0 2 0 1 
1 28 0 9 47 2 1 3 2 1 3 7 0 1 3 1 2 0 1 
1 28 1 8 47 2 2 3 2 1 2 7 0 1 3 0 2 0 1 
1 28 1 8 41 2 2 3 2 1 2 7 0 1 3 0 2 0 1 
1 28 1 8 41 2 2 3 2 1 2 7 0 0 3 0 2 0 1 
1 28 1 8 41 2 2 4 2 1 2 7 0 1 3 0 2 0 1 
1 28 1 8 41 2 2 1 2 1 2 7 0 1 3 0 2 0 1 
1 28 1 8 41 2 2 3 2 1 2 7 1 1 3 0 2 0 1 
1 28 1 8 41 3 2 3 2 1 2 7 0 0 3 0 2 0 1 
1 28 1 8 41 3 3 3 2 1 2 7 0 0 3 0 2 0 1 
1 28 0 10 47 2 1 1 2 1 3 7 0 1 1 0 2 0 1 
0 28 1 9 47 3 0 3 2 1 3 7 2 1 4 0 2 0 1 
1 31 3 4 24 4 3 2 0 3 2 3 0 1 1 2 1 0 1 
1 44 3 1 174 4 3 1 0 2 1 5 1 2 2 3 1 0 1 
1 46 2 9 195 2 2 3 1 4 3 7 1 2 1 0 1 0 1 
1 59 3 0 95 0 1 1 2 4 1 3 1 2 1 2 2 0 1 
1 59 4 0 95 0 1 1 2 4 1 3 1 2 1 2 2 0 1 
1 65 3 2 53 1 1 2 0 4 3 8 2 0 1 1 1 1 0 
1 73 2 9 105 4 0 1 1 3 1 8 1 1 4 0 2 1 0 
1 73 2 9 105 4 0 1 1 3 0 8 1 1 4 0 2 1 0 
1 73 2 9 105 4 0 1 0 3 1 8 1 1 4 0 2 1 0 
1 73 2 9 105 4 0 1 0 3 1 8 1 1 1 0 2 1 0 
2 20 4 0 82 4 3 2 2 4 0 3 2 1 2 2 2 0 0 
2 22 4 2 52 0 1 4 1 4 1 8 2 2 3 1 1 1 1 
2 26 4 0 141 0 0 1 0 1 2 3 2 2 1 2 1 0 0 
2 29 1 10 156 2 0 4 1 3 3 7 0 2 3 3 2 0 1 
2 29 1 10 17 2 0 4 1 3 3 7 0 2 3 3 2 0 1 
2 53 2 7 39 1 3 2 0 2 3 6 2 2 3 1 1 0 1 
2 53 2 6 39 1 3 2 0 2 3 6 2 2 3 1 1 0 1 
