0 3 0 0 13 2 2 1 0 1 0 7 1 1 1 3 1 0 0 
0 3 0 0 13 2 0 1 0 1 0 7 1 1 1 3 1 0 0 
0 3 0 0 13 2 1 1 0 1 0 7 1 1 1 3 1 0 0 
0 13 3 1 49 3 4 1 1 3 1 2 1 2 3 3 1 0 0 
0 21 4 4 7 4 2 4 1 2 2 7 1 2 4 2 1 0 0 
0 30 2 6 82 2 3 4 2 2 3 6 1 2 2 0 2 0 0 
0 30 2 6 1 2 3 4 2 2 3 6 1 2 2 0 2 0 0 
0 30 2 6 1 2 3 4 2 2 3 6 2 2 2 0 2 0 0 
0 30 2 6 1 2 3 4 2 2 3 6 2 2 1 0 2 0 0 
0 30 2 6 133 2 3 4 2 2 3 6 2 2 1 0 2 0 0 
0 32 2 1 16 3 2 3 0 3 3 8 2 0 4 0 1 0 1 
0 33 2 2 25 1 4 2 2 4 2 3 2 0 4 1 2 1 0 
0 34 3 8 91 2 4 2 1 4 3 5 2 2 1 0 2 1 1 
0 35 3 2 186 0 1 4 0 3 2 5 0 2 1 3 2 1 1 
0 35 3 2 169 0 1 4 0 3 2 5 0 2 1 3 2 1 1 
0 44 1 7 172 4 0 1 2 4 1 3 1 1 2 2 1 0 1 
0 44 3 2 60 0 3 1 2 3 2 5 1 1 2 1 2 1 0 
0 44 3 2 60 0 3 1 2 1 2 5 1 1 2 1 2 1 0 
0 44 3 2 60 1 3 1 2 3 2 5 1 1 2 1 2 1 0 
0 47 3 2 60 1 3 1 2 3 2 5 1 1 2 1 2 1 0 
0 44 3 2 41 0 3 1 2 3 2 5 1 1 2 1 2 1 0 
0 44 3 2 60 1 3 1 2 3 2 5 2 1 2 1 2 1 0 
0 44 3 2 60 4 3 1 2 3 2 5 2 1 2 1 2 1 0 
0 50 2 7 70 4 3 2 2 1 3 2 1 0 1 0 2 1 1 
0 50 2 7 70 0 3 2 2 1 3 2 1 0 1 0 2 1 1 
0 50 2 7 70 4 3 2 2 2 3 2 1 0 1 0 2 1 1 
0 50 2 7 70 4 3 2 2 2 0 2 1 0 1 0 2 1 1 
0 50 2 7 70 0 3 2 2 2 0 2 1 0 1 0 2 1 1 
0 50 2 7 70 4 3 2 2 2 0 2 1 0 1 0 2 0 1 
0 80 2 7 70 4 3 2 2 2 0 2 1 0 1 0 2 0 1 
0 80 2 7 70 4 3 2 2 2 0 1 1 0 1 0 2 0 1 
0 80 2 7 70 4 3 2 2 1 0 2 1 0 1 0 2 0 1 
0 80 2 7 70 4 0 2 2 1 0 2 1 0 1 0 2 0 1 
0 80 2 7 70 4 0 2 2 1 0 4 1 0 1 0 2 0 1 
0 50 2 7 70 4 3 2 2 1 0 2 1 0 1 0 2 0 1 
0 50 2 7 70 4 3 2 2 1 0 1 1 0 1 0 2 0 1 
0 50 0 7 70 4 3 2 2 1 0 1 1 0 1 0 2 0 1 
0 50 2 7 70 4 0 2 2 1 0 2 1 0 1 0 2 0 1 
0 50 0 7 70 4 3 2 2 1 1 1 1 0 1 0 2 0 1 
0 50 0 7 70 4 0 2 2 1 1 1 1 0 1 0 2 0 1 
0 57 2 7 70 4 0 2 2 1 0 4 1 0 1 0 2 0 1 
0 50 2 7 70 4 3 2 2 2 0 5 1 0 1 0 2 1 1 
0 80 2 0 70 4 3 2 2 2 0 2 1 0 1 0 2 0 1 
0 80 2 7 70 0 3 2 2 2 0 1 1 0 1 0 2 0 1 
0 80 2 7 70 4 3 1 2 2 0 1 1 0 1 0 2 0 1 
0 50 2 7 70 4 3 2 2 1 0 2 1 2 1 0 2 0 1 
0 50 2 8 70 4 3 2 2 1 0 2 1 2 1 0 2 0 1 
2 50 2 7 70 4 3 2 2 1 0 2 1 2 1 0 2 0 1 
0 50 2 7 70 4 0 2 2 1 0 2 1 2 1 0 2 0 1 
0 50 2 7 70 0 3 2 2 2 0 5 1 0 1 0 2 1 1 
0 76 2 7 70 0 3 2 2 2 0 5 1 0 1 0 2 1 1 
0 50 2 7 70 0 3 2 2 2 0 8 1 0 1 0 2 1 1 
0 50 2 7 70 0 0 2 2 2 0 8 1 0 1 0 2 1 1 
0 76 2 7 70 0 3 2 2 2 0 5 1 0 1 0 2 0 1 
0 50 2 7 70 4 3 2 2 1 2 2 1 2 1 0 2 0 1 
0 50 2 9 70 4 3 2 2 1 2 2 1 2 1 0 2 0 1 
0 50 2 9 70 4 3 2 2 1 2 2 1 2 4 0 2 0 1 
0 50 4 7 70 4 3 2 2 1 2 2 1 2 1 0 2 0 1 
0 50 2 7 67 4 3 2 2 1 2 2 1 2 1 0 2 0 1 
0 50 2 7 67 4 0 2 2 1 2 2 1 2 1 0 2 0 1 
0 50 2 7 67 4 4 2 2 1 2 2 1 2 1 0 2 0 1 
0 50 2 7 67 4 4 1 2 1 2 2 1 2 1 0 2 0 1 
0 50 2 7 67 4 0 2 2 4 2 2 1 2 1 0 2 0 1 
0 50 2 7 67 4 0 2 2 1 2 5 1 2 1 0 2 0 1 
0 50 2 7 67 4 0 3 2 4 2 2 1 2 1 0 2 0 1 
0 50 2 10 67 4 0 3 2 4 2 2 1 2 1 0 2 0 1 
0 50 2 7 67 4 0 3 2 4 0 2 1 2 1 0 2 0 1 
1 50 2 7 67 4 0 2 2 1 2 2 1 2 1 0 2 0 1 
0 50 2 6 67 4 4 2 2 1 2 2 1 2 1 0 2 0 1 
0 80 2 7 70 4 3 2 2 3 0 1 1 0 1 0 2 0 1 
0 50 2 7 70 4 3 2 0 2 0 2 1 0 1 0 2 0 1 
0 50 2 9 70 4 3 2 2 1 2 2 1 2 1 1 2 0 1 
0 50 2 9 70 4 3 2 0 1 2 2 1 2 1 0 2 0 1 
0 50 2 9 70 4 3 2 0 1 2 2 2 2 1 0 2 0 1 
0 50 2 9 70 4 3 2 0 1 2 2 2 2 1 0 1 0 1 
0 50 2 9 70 4 3 2 0 3 2 2 2 2 1 0 2 0 1 
0 50 2 9 70 4 3 2 0 3 2 2 2 2 1 2 2 0 1 
0 50 2 6 70 4 3 2 2 1 2 2 1 2 1 1 2 0 1 
0 50 2 6 57 4 3 2 2 1 2 2 1 2 1 1 2 0 1 
0 50 2 9 70 4 3 2 0 1 2 1 2 2 1 0 1 0 1 
0 50 2 9 70 4 3 2 0 1 2 1 0 2 1 0 1 0 1 
0 50 2 9 70 4 4 2 0 1 2 1 0 2 1 0 1 0 1 
0 50 2 3 70 4 3 2 0 1 2 1 2 2 1 0 1 0 1 
0 50 2 3 70 4 0 2 0 1 2 1 2 2 1 0 1 0 1 
0 50 2 6 70 4 0 2 0 1 2 1 2 2 1 0 1 0 1 
0 50 3 6 70 4 0 2 0 1 2 1 2 2 1 0 1 0 1 
0 50 3 6 70 4 0 2 0 1 2 1 0 2 1 0 1 0 1 
0 50 2 6 70 4 0 2 0 1 2 1 2 2 1 1 1 0 1 
0 50 2 9 70 4 3 1 0 1 2 2 2 2 1 0 1 0 1 
0 50 2 9 70 4 3 1 2 1 2 2 2 2 1 0 1 0 1 
1 50 2 9 70 4 3 1 2 1 2 2 2 2 1 0 1 0 1 
0 3 2 9 70 4 3 1 0 1 2 2 2 2 1 0 1 0 1 
1 50 2 9 70 4 0 1 2 1 2 2 2 2 1 0 1 0 1 
1 50 2 9 70 4 0 1 2 1 2 3 2 2 1 0 1 0 1 
1 50 2 9 70 4 0 1 2 1 2 7 2 2 1 0 1 0 1 
0 50 0 9 70 4 3 2 0 1 2 2 2 2 1 0 1 0 1 
0 50 2 9 135 4 3 2 2 1 2 2 1 2 1 1 2 0 1 
0 50 2 9 70 4 3 2 0 1 2 2 2 2 1 0 2 0 0 
0 50 2 9 70 4 3 2 0 1 0 2 2 2 1 0 2 0 0 
0 50 4 9 70 4 3 2 0 1 2 2 2 2 1 0 2 0 0 
0 50 2 9 70 4 3 2 0 1 2 2 0 2 1 0 2 0 0 
0 50 2 7 70 4 3 2 2 1 2 2 1 2 1 1 2 0 1 
0 50 2 9 70 4 3 2 0 1 0 2 2 0 1 0 2 0 0 
0 50 2 9 70 4 4 2 0 1 2 1 0 2 2 0 1 0 1 
0 50 2 9 70 4 4 2 0 1 2 1 2 2 2 0 1 0 1 
0 50 2 9 70 4 4 2 0 1 2 1 2 2 1 0 1 0 1 
0 50 2 0 70 4 4 2 0 1 2 1 2 2 1 0 1 0 1 
0 50 2 10 70 4 4 2 0 1 2 1 2 2 1 0 1 0 1 
1 50 2 9 70 4 4 2 0 1 2 1 0 2 2 0 1 0 1 
0 50 0 0 70 4 4 2 0 1 2 1 2 2 1 0 1 0 1 
0 50 2 9 70 4 4 2 0 1 2 4 2 2 1 0 1 0 1 
0 50 2 10 70 4 4 4 0 1 2 1 2 2 1 0 1 0 1 
0 50 2 9 70 4 4 3 0 1 2 1 2 2 1 0 1 0 1 
0 50 2 0 70 4 4 3 0 1 2 1 2 2 1 0 1 0 1 
0 50 4 0 70 4 4 3 0 1 2 1 2 2 1 0 1 0 1 
0 50 4 0 70 4 4 3 0 4 2 1 2 2 1 0 1 0 1 
0 50 4 5 70 4 4 3 0 4 2 1 2 2 1 0 1 0 1 
0 50 4 5 70 4 4 3 0 4 2 1 2 2 3 0 1 0 1 
0 50 3 5 70 4 4 3 0 4 2 1 2 2 1 0 1 0 1 
0 50 3 5 70 4 4 3 0 4 0 1 2 2 1 0 1 0 1 
0 50 3 5 70 4 4 3 0 4 2 1 2 2 1 0 1 1 1 
0 50 2 9 70 4 4 3 0 1 2 1 2 2 1 3 1 0 1 
0 50 3 5 70 4 4 3 0 4 2 1 2 2 1 1 1 0 1 
0 50 3 5 70 4 4 3 0 1 0 1 2 2 1 0 1 0 1 
0 50 3 0 70 4 4 3 0 1 0 1 2 2 1 0 1 0 1 
0 50 3 9 70 4 4 3 0 1 0 1 2 2 1 0 1 0 1 
3 50 3 9 70 4 4 3 0 1 0 1 2 2 1 0 1 0 1 
0 50 3 9 70 4 4 1 0 1 0 1 2 2 1 0 1 0 1 
0 41 3 0 70 4 4 3 0 1 0 1 2 2 1 0 1 0 1 
0 41 4 0 70 4 4 3 0 1 0 1 2 2 1 0 1 0 1 
0 50 3 9 70 4 4 3 0 1 2 1 2 2 1 0 1 0 1 
0 50 3 5 70 4 4 3 0 1 0 1 2 2 1 0 1 0 0 
0 50 3 5 70 4 4 3 0 1 0 1 2 2 1 3 1 0 0 
0 50 3 5 70 4 4 1 0 1 0 1 2 2 1 0 1 0 0 
0 50 3 5 70 4 4 1 0 1 0 1 0 2 1 0 1 0 0 
0 50 3 10 70 4 4 1 0 1 0 1 0 2 1 0 1 0 0 
0 41 4 0 70 4 4 3 0 1 0 1 2 2 1 0 1 1 1 
0 41 4 0 70 4 4 4 0 1 0 1 2 2 1 0 1 0 1 
0 41 0 0 70 4 4 4 0 1 0 1 2 2 1 0 1 0 1 
0 41 2 0 70 4 4 4 0 1 0 1 2 2 1 0 1 0 1 
0 49 0 0 70 4 4 4 0 1 0 1 2 2 1 0 1 0 1 
1 41 4 0 70 4 4 4 0 1 0 1 2 2 1 0 1 0 1 
0 50 3 5 70 4 4 3 0 1 0 1 2 2 2 0 1 0 1 
0 50 0 5 70 4 4 3 0 1 0 1 2 2 2 0 1 0 1 
0 50 0 5 70 4 4 3 0 1 0 1 2 2 1 0 1 0 1 
0 50 0 5 67 4 4 3 0 1 0 1 2 2 2 0 1 0 1 
0 50 0 5 70 4 4 3 0 1 0 1 2 2 1 0 1 0 0 
0 50 0 5 70 4 4 3 1 1 0 1 2 2 1 0 1 0 1 
0 50 0 5 70 4 4 3 1 1 0 1 2 0 1 0 1 0 1 
0 50 0 5 67 4 4 3 0 1 0 1 2 2 1 0 1 0 1 
1 50 3 5 70 4 4 3 0 1 0 1 2 2 2 0 1 0 1 
1 50 3 5 70 4 4 3 2 1 0 1 2 2 2 0 1 0 1 
1 50 3 5 63 4 4 3 2 1 0 1 2 2 2 0 1 0 1 
1 50 4 5 70 4 4 3 2 1 0 1 2 2 2 0 1 0 1 
1 50 4 5 70 4 4 3 2 1 2 1 2 2 2 0 1 0 1 
0 50 4 5 70 4 4 3 2 1 2 1 2 2 2 0 1 0 1 
1 50 4 5 70 4 4 3 2 1 2 1 2 0 2 0 1 0 1 
1 50 4 5 70 4 4 3 2 1 2 1 0 2 2 0 1 0 1 
1 50 4 5 70 4 4 4 2 1 2 1 0 2 2 0 1 0 1 
0 50 4 5 70 4 4 4 2 1 2 1 0 2 2 0 1 0 1 
0 50 4 5 70 4 0 4 2 1 2 1 0 2 2 0 1 0 1 
0 50 4 5 70 4 4 4 2 1 2 1 0 0 2 0 1 0 1 
1 50 3 5 63 4 0 3 2 1 0 1 2 2 2 0 1 0 1 
1 50 3 5 70 4 4 3 0 1 1 1 2 2 2 0 1 0 1 
1 50 3 5 70 4 4 3 0 1 1 1 2 2 2 0 2 0 1 
0 50 0 5 67 4 4 3 2 1 0 1 2 2 1 0 1 0 1 
0 50 0 5 193 4 4 3 2 1 0 1 2 2 1 0 1 0 1 
0 50 0 0 67 4 4 3 0 1 0 1 2 2 1 0 1 0 1 
0 50 0 10 67 4 4 3 0 1 0 1 2 2 1 0 1 0 1 
0 41 4 0 70 4 4 4 0 1 1 1 2 2 1 0 1 0 1 
0 50 0 6 67 4 4 3 0 1 0 1 2 2 1 0 1 0 1 
0 41 2 0 70 4 4 4 0 1 0 1 0 2 1 0 1 0 1 
1 50 4 5 70 4 4 3 2 1 0 1 2 0 2 0 1 0 1 
1 50 4 5 70 4 4 3 2 1 0 5 2 0 2 0 1 0 1 
1 50 4 5 70 4 4 3 2 1 0 8 2 0 2 0 1 0 1 
0 50 2 3 70 4 1 2 0 1 2 1 2 2 1 0 1 0 1 
0 50 3 5 70 4 4 3 1 1 0 1 2 2 1 3 1 0 0 
0 50 4 5 70 4 4 3 1 1 0 1 2 2 1 3 1 0 0 
0 3 2 9 70 4 3 1 0 1 2 2 0 2 1 0 1 0 1 
0 3 2 0 70 4 3 1 0 1 2 2 0 2 1 0 1 0 1 
1 50 3 6 70 4 0 2 0 1 2 1 2 2 1 0 1 0 1 
0 41 0 0 70 4 4 3 0 1 0 1 2 2 1 0 1 0 1 
0 41 0 0 70 4 4 3 0 1 0 7 2 2 1 0 1 0 1 
0 50 3 5 67 4 4 3 2 1 0 1 2 2 1 0 1 0 1 
0 50 3 8 67 4 4 3 2 1 0 1 2 2 1 0 1 0 1 
0 50 0 5 70 4 4 3 1 1 0 1 2 2 2 0 1 0 1 
0 50 0 5 70 4 4 3 1 1 3 1 2 2 2 0 1 0 1 
0 50 2 6 70 4 3 2 0 3 2 2 2 2 1 0 2 0 1 
0 50 2 6 70 4 3 2 0 3 2 1 2 2 1 0 2 0 1 
0 50 2 6 70 4 3 1 0 3 2 2 2 2 1 0 2 0 1 
0 50 2 7 70 4 3 2 0 3 2 1 2 2 1 0 2 0 1 
0 50 2 7 70 4 3 2 2 1 2 2 1 0 1 0 2 0 1 
0 50 0 7 70 4 3 2 2 1 2 2 1 0 1 0 2 0 1 
1 50 0 5 70 4 4 3 2 1 2 1 0 2 2 0 1 0 1 
0 49 0 0 70 4 4 4 0 1 0 1 2 2 1 2 1 0 1 
1 50 2 9 70 4 3 2 2 1 2 2 1 2 1 0 2 0 1 
1 50 0 9 70 4 3 2 2 1 2 2 1 2 1 0 2 0 1 
0 50 0 9 70 4 3 2 2 1 2 2 1 2 1 0 2 0 1 
0 50 0 9 70 4 3 2 2 1 2 1 1 2 1 0 2 0 1 
0 6 0 9 70 4 3 2 2 1 2 1 1 2 1 0 2 0 1 
0 50 2 6 67 0 4 2 2 1 2 2 1 2 1 0 2 0 1 
1 50 3 6 70 4 0 2 0 1 2 1 2 0 1 0 1 0 1 
1 50 3 6 70 4 0 2 0 1 0 1 2 0 1 0 1 0 1 
1 50 3 6 70 4 0 1 0 1 0 1 2 0 1 0 1 0 1 
1 50 3 6 70 4 0 1 0 1 0 1 2 2 1 0 1 0 1 
1 50 3 6 70 4 0 1 0 2 0 1 2 0 1 0 1 0 1 
1 50 3 10 70 4 0 1 0 2 0 1 2 0 1 0 1 0 1 
1 50 3 6 70 4 0 1 0 2 0 1 2 2 1 0 1 0 1 
1 50 3 6 70 4 3 2 0 1 2 1 2 0 1 0 1 0 1 
1 50 3 10 70 4 0 1 0 2 0 2 2 0 1 0 1 0 1 
0 50 4 7 70 0 3 2 2 1 2 2 1 2 1 0 2 0 1 
0 50 4 7 70 0 3 2 2 1 3 2 1 2 1 0 2 0 1 
0 50 0 7 70 0 3 2 2 1 3 2 1 2 1 0 2 0 1 
0 50 0 0 70 0 3 2 2 1 3 2 1 2 1 0 2 0 1 
0 50 4 7 70 0 3 2 2 1 2 2 2 2 1 0 2 0 1 
0 50 4 7 70 0 3 3 2 1 2 2 1 2 1 0 2 0 1 
0 50 4 7 70 0 3 2 2 1 2 2 2 2 2 0 2 0 1 
0 50 4 7 70 0 3 4 2 1 2 2 2 2 2 0 2 0 1 
0 50 0 7 70 0 3 2 2 1 3 3 1 2 1 0 2 0 1 
0 50 0 0 70 0 3 2 2 1 3 3 1 2 1 0 2 0 1 
0 50 3 5 70 0 4 3 0 4 2 1 2 2 1 0 1 1 1 
0 50 3 5 70 0 0 3 0 4 2 1 2 2 1 0 1 1 1 
0 50 3 5 70 0 0 3 0 4 2 5 2 2 1 0 1 1 1 
0 50 3 6 70 0 4 3 0 4 2 1 2 2 1 0 1 1 1 
0 50 3 6 70 0 4 4 0 4 2 1 2 2 1 0 1 1 1 
0 50 3 6 70 0 0 4 0 4 2 1 2 2 1 0 1 1 1 
0 50 3 6 70 0 4 4 0 4 0 1 2 2 1 0 1 1 1 
0 50 3 0 70 0 4 3 0 4 2 1 2 2 1 0 1 1 1 
0 50 3 0 70 0 4 3 0 4 2 8 2 2 1 0 1 1 1 
0 50 3 0 70 0 4 3 1 4 2 8 2 2 1 0 1 1 1 
0 50 3 5 70 0 1 3 0 4 2 1 2 2 1 0 1 1 1 
0 50 3 5 70 0 1 3 0 4 2 7 2 2 1 0 1 1 1 
0 50 3 5 70 1 1 3 0 4 2 7 2 2 1 0 1 1 1 
0 50 3 0 70 1 1 3 0 4 2 7 2 2 1 0 1 1 1 
0 50 2 9 70 4 3 2 0 1 2 2 2 2 2 0 1 0 1 
0 61 0 3 60 1 2 2 2 2 3 3 0 2 1 1 1 0 1 
0 61 0 0 60 1 2 2 2 2 3 3 0 2 1 1 1 0 1 
0 61 0 3 60 1 2 2 2 2 3 3 0 2 1 1 1 1 1 
0 61 0 3 60 1 2 2 2 2 3 3 0 0 1 1 1 0 1 
0 66 0 2 173 3 0 4 1 1 3 3 2 0 3 2 1 0 0 
0 66 0 2 173 3 0 4 1 1 3 3 2 0 3 0 1 0 0 
0 72 2 9 133 2 4 3 2 3 3 7 0 2 3 0 1 0 0 
0 73 0 0 157 3 4 2 0 1 2 3 0 1 2 1 1 0 0 
0 23 0 0 157 3 4 2 0 1 2 3 0 1 2 1 1 0 0 
0 23 0 0 157 3 4 2 0 1 2 3 0 1 2 1 2 0 0 
0 75 0 8 102 4 2 2 1 4 2 8 1 2 2 0 1 1 1 
0 75 0 8 102 4 2 2 1 4 2 8 2 2 2 0 1 1 1 
0 75 0 8 102 4 0 2 1 4 2 8 2 2 2 0 1 1 1 
1 12 3 10 72 2 1 2 0 2 0 6 0 1 4 2 1 1 1 
1 12 3 10 72 2 1 2 0 1 0 6 0 1 4 2 1 1 1 
1 12 3 10 72 2 3 2 0 1 0 6 0 1 4 2 1 1 1 
1 17 4 8 19 4 1 4 1 3 1 7 0 0 1 0 1 0 0 
1 42 1 10 110 1 2 4 1 1 0 1 2 2 4 1 2 1 0 
1 45 0 8 66 0 4 3 1 1 0 2 1 2 2 2 2 0 1 
1 45 0 8 66 0 4 3 1 1 0 2 1 2 2 0 2 0 1 
1 45 0 4 66 0 4 3 1 1 0 2 1 2 2 0 2 0 1 
1 45 0 8 66 2 4 3 1 1 0 2 1 2 2 0 2 0 1 
1 45 0 8 66 2 4 1 1 1 0 2 1 2 2 0 2 0 1 
1 45 0 8 66 2 4 1 1 1 0 2 2 2 2 0 2 0 1 
1 45 0 8 66 2 4 1 1 3 0 2 2 2 2 0 2 0 1 
0 45 0 8 66 2 4 1 1 3 0 2 2 2 2 0 2 0 1 
1 45 3 8 66 2 4 1 1 3 0 2 2 2 2 0 2 0 1 
1 45 0 8 66 2 4 1 1 3 0 2 2 0 2 0 2 0 1 
1 45 0 8 66 2 0 1 1 1 0 2 2 2 2 0 2 0 1 
1 45 0 8 66 0 4 3 1 1 0 7 1 2 2 0 2 0 1 
1 45 0 8 66 0 4 3 0 1 0 2 1 2 2 0 2 0 1 
1 45 0 8 66 0 4 3 0 1 0 2 2 2 2 0 2 0 1 
1 45 0 8 66 0 0 3 0 1 0 2 2 2 2 0 2 0 1 
1 45 0 8 66 0 0 3 0 1 0 1 2 2 2 0 2 0 1 
1 45 0 8 66 0 4 3 0 1 0 2 0 2 2 0 2 0 1 
1 45 0 8 66 0 4 3 0 1 0 2 1 2 2 0 2 1 1 
1 45 0 8 66 0 4 3 0 1 0 1 1 2 2 0 2 1 1 
1 45 0 8 66 0 4 4 0 1 0 1 1 2 2 0 2 1 1 
1 45 0 8 66 2 4 3 0 1 0 2 1 2 2 0 2 0 1 
0 45 0 8 66 2 4 3 0 1 0 2 1 2 2 0 2 0 1 
0 45 0 10 66 2 4 3 0 1 0 2 1 2 2 0 2 0 1 
0 45 0 10 66 2 4 1 0 1 0 2 1 2 2 0 2 0 1 
0 45 0 10 66 2 4 1 0 1 0 2 1 2 2 0 2 0 0 
1 45 0 8 66 2 4 1 1 1 0 2 2 2 2 2 2 0 1 
1 45 0 8 66 2 4 3 1 1 0 2 2 2 2 2 2 0 1 
1 50 0 5 57 4 3 1 2 2 0 4 2 0 4 3 1 0 1 
1 52 0 8 63 3 1 4 1 2 1 6 2 0 1 2 1 0 0 
1 52 0 8 63 3 1 4 1 2 0 6 2 0 1 2 1 0 0 
0 52 0 8 63 3 1 4 1 2 1 6 2 0 1 2 1 0 0 
0 52 0 8 63 3 1 4 1 2 1 6 2 2 1 2 1 0 0 
1 52 0 8 63 3 1 4 1 2 0 6 2 0 1 0 1 0 0 
1 52 0 9 63 3 1 4 1 2 1 6 2 0 1 2 1 0 0 
1 52 0 9 63 3 1 4 1 2 1 6 2 0 1 3 1 0 0 
1 52 0 9 63 4 1 4 1 2 1 6 2 0 1 2 1 0 0 
1 52 1 9 63 3 1 4 1 2 1 6 2 0 1 3 1 0 0 
1 52 1 9 63 3 1 4 1 2 1 6 2 0 3 3 1 0 0 
0 52 1 9 63 3 1 4 1 2 1 6 2 0 3 3 1 0 0 
0 52 1 9 63 3 1 4 1 2 1 6 2 0 3 3 1 0 1 
