0 5 0 2 13 0 3 4 1 0 4 3 2 1 4 2 2 1 1 
0 8 0 5 28 3 2 2 0 0 4 3 1 1 4 2 1 1 1 
0 14 3 3 159 4 3 4 0 0 1 0 0 0 3 0 2 0 1 
0 14 4 3 159 4 3 4 0 0 1 0 0 0 3 0 2 0 1 
0 14 4 3 14 4 3 4 0 0 1 0 0 0 3 0 2 0 1 
0 14 3 3 3 4 3 4 0 0 1 0 0 0 3 0 2 0 1 
0 14 4 3 3 4 3 4 0 0 1 0 0 0 3 0 2 0 1 
0 14 4 3 3 4 0 4 0 0 1 0 0 0 3 0 2 0 1 
0 14 3 3 3 4 0 4 0 0 1 0 0 0 3 0 2 0 1 
0 14 4 3 3 4 0 4 0 0 1 0 0 0 1 0 2 0 1 
1 14 3 3 3 4 3 4 0 0 1 0 0 0 3 0 2 0 1 
0 14 4 3 3 4 0 4 0 0 2 0 0 0 3 0 2 0 1 
0 14 4 3 1 4 0 4 0 0 2 0 0 0 3 0 2 0 1 
0 14 4 3 1 4 0 4 0 0 2 0 0 0 3 0 1 0 1 
1 14 4 3 1 4 0 4 0 0 2 0 0 0 3 0 1 0 1 
1 14 4 3 1 4 0 4 0 0 2 0 0 2 3 0 1 0 1 
0 15 2 7 58 3 2 4 1 0 1 1 0 2 1 3 2 1 0 
0 15 3 6 77 1 4 3 0 0 4 3 0 1 2 2 2 1 0 
0 15 3 0 77 1 4 3 0 0 4 3 0 1 2 2 2 1 0 
0 80 3 0 77 1 4 3 0 0 4 3 0 1 2 2 2 1 0 
0 80 3 1 77 1 4 3 0 0 4 3 0 1 2 2 2 1 0 
0 80 3 0 77 3 4 3 0 0 4 3 0 1 2 2 2 1 0 
0 80 3 0 77 3 4 3 0 0 4 0 0 1 2 2 2 1 0 
0 7 3 0 77 3 4 3 0 0 4 0 0 1 2 2 2 1 0 
0 80 3 0 77 0 4 3 0 0 4 3 0 1 2 2 2 1 0 
2 80 3 0 77 0 4 3 0 0 4 3 0 1 2 2 2 1 0 
0 80 3 0 77 3 4 3 0 0 4 0 0 2 2 2 2 1 0 
0 7 3 0 1 3 4 3 0 0 4 0 0 1 2 2 2 1 0 
0 7 3 0 1 3 4 3 0 0 4 0 0 0 2 2 2 1 0 
0 7 3 0 1 3 4 3 0 0 4 0 0 1 2 0 2 1 0 
0 7 3 0 1 3 4 3 0 0 4 0 0 1 2 1 2 1 0 
1 80 3 0 77 3 4 3 0 0 4 3 0 1 2 2 2 1 0 
1 80 3 0 77 4 4 3 0 0 4 3 0 1 2 2 2 1 0 
0 80 3 0 77 4 4 3 0 0 4 3 0 1 2 2 2 1 0 
0 15 3 0 77 4 4 3 0 0 4 3 0 1 2 2 2 1 0 
0 80 3 1 77 2 4 3 0 0 4 3 0 1 2 2 2 1 0 
0 80 0 1 77 2 4 3 0 0 4 3 0 1 2 2 2 1 0 
0 80 3 1 77 2 4 3 0 0 4 0 0 1 2 2 2 1 0 
0 80 3 1 71 2 4 3 0 0 4 3 0 1 2 2 2 1 0 
0 80 3 1 71 2 4 3 0 0 4 3 2 1 2 2 2 1 0 
0 80 3 1 71 2 4 3 0 0 4 3 2 1 1 2 2 1 0 
2 80 3 1 71 2 4 3 0 0 4 3 2 1 2 2 2 1 0 
2 80 3 1 71 0 4 3 0 0 4 3 2 1 2 2 2 1 0 
2 80 3 1 71 4 4 3 0 0 4 3 2 1 2 2 2 1 0 
2 80 3 1 71 0 4 3 0 0 4 3 2 1 1 2 2 1 0 
0 80 3 1 71 0 4 3 0 0 4 3 2 1 1 2 2 1 0 
0 80 3 1 71 2 4 1 0 0 4 3 2 1 2 2 2 1 0 
0 11 3 1 71 2 4 1 0 0 4 3 2 1 2 2 2 1 0 
0 11 3 1 71 2 4 2 0 0 4 3 2 1 2 2 2 1 0 
0 11 3 1 71 2 4 1 0 0 4 3 0 1 2 2 2 1 0 
0 11 3 1 71 2 4 2 0 0 1 3 2 1 2 2 2 1 0 
0 11 3 1 71 2 4 2 0 0 4 3 2 2 2 2 2 1 0 
0 80 3 1 71 2 4 1 0 0 4 0 2 1 2 2 2 1 0 
3 80 3 1 71 2 4 1 0 0 4 0 2 1 2 2 2 1 0 
3 80 3 1 71 2 4 1 0 0 4 0 2 0 2 2 2 1 0 
3 80 3 1 71 2 4 1 0 0 4 1 2 1 2 2 2 1 0 
3 80 3 1 71 2 4 1 0 0 4 1 2 1 3 2 2 1 0 
0 80 3 1 71 2 4 1 0 0 4 0 2 2 2 2 2 1 0 
3 80 3 1 71 2 4 1 0 1 4 0 2 1 2 2 2 1 0 
3 80 3 1 71 2 4 1 0 1 4 1 2 1 2 2 2 1 0 
0 73 3 1 71 2 4 2 0 0 1 3 2 1 2 2 2 1 0 
0 73 3 1 71 2 4 2 0 0 1 3 2 1 2 0 2 1 0 
0 73 3 1 71 2 4 4 0 0 1 3 2 1 2 2 2 1 0 
0 73 3 1 71 0 4 4 0 0 1 3 2 1 2 2 2 1 0 
1 73 3 1 71 2 4 2 0 0 1 3 2 1 2 2 2 1 0 
0 73 3 1 71 0 4 2 0 0 1 3 2 1 2 2 2 1 0 
0 73 3 1 71 2 4 2 0 0 1 3 2 1 3 2 2 1 0 
0 73 3 1 71 2 4 4 0 0 3 3 2 1 2 2 2 1 0 
0 73 3 1 71 2 4 4 0 0 3 0 2 1 2 2 2 1 0 
0 73 3 1 71 2 4 4 0 0 3 2 2 1 2 2 2 1 0 
3 73 3 1 71 2 4 4 0 0 3 2 2 1 2 2 2 1 0 
0 73 3 1 71 2 4 1 0 0 3 2 2 1 2 2 2 1 0 
0 73 3 1 71 2 4 4 0 1 3 0 2 1 2 2 2 1 0 
0 73 3 1 71 2 4 1 0 1 3 0 2 1 2 2 2 1 0 
0 73 3 1 71 0 4 1 0 1 3 0 2 1 2 2 2 1 0 
0 73 3 1 71 0 4 1 0 1 3 0 2 2 2 2 2 1 0 
0 73 0 1 71 0 4 1 0 1 3 0 2 2 2 2 2 1 0 
0 73 0 1 71 0 4 1 0 1 1 0 2 2 2 2 2 1 0 
0 73 3 1 71 2 4 4 0 1 3 0 0 1 2 2 2 1 0 
0 73 3 1 71 2 4 4 0 1 3 1 0 1 2 2 2 1 0 
0 73 3 1 71 2 4 4 0 1 3 1 0 1 2 0 2 1 0 
0 73 3 1 71 2 4 4 0 1 3 1 0 1 2 2 2 1 1 
0 73 3 1 71 2 4 1 0 1 1 0 2 1 2 2 2 1 0 
0 73 3 1 71 4 4 1 0 1 3 0 2 1 2 2 2 1 0 
0 73 3 1 71 2 4 1 0 1 1 1 2 1 2 2 2 1 0 
0 73 3 1 71 2 4 1 0 1 1 0 2 1 4 2 2 1 0 
0 73 3 1 71 3 4 1 0 1 1 1 2 1 2 2 2 1 0 
0 73 0 1 71 3 4 1 0 1 1 1 2 1 2 2 2 1 0 
0 73 0 1 71 3 4 1 0 1 1 1 2 1 2 0 2 1 0 
0 73 0 1 71 3 4 1 0 1 1 3 2 1 2 0 2 1 0 
0 73 0 1 71 3 4 1 0 1 1 1 2 1 2 2 1 1 0 
0 73 0 1 71 3 4 1 0 1 1 1 2 1 1 2 1 1 0 
0 73 0 1 79 3 4 1 0 1 1 1 2 1 1 2 1 1 0 
0 73 0 1 71 3 4 1 0 1 1 1 2 1 2 0 1 1 0 
0 73 3 1 71 2 4 1 0 1 1 3 2 1 4 2 2 1 0 
0 73 3 1 71 3 0 1 0 1 1 1 2 1 2 2 2 1 0 
0 73 3 1 71 4 0 1 0 1 1 1 2 1 2 2 2 1 0 
0 73 3 1 71 3 4 1 0 1 1 0 2 1 4 2 2 1 0 
0 73 3 1 71 2 4 1 0 1 2 1 2 1 2 2 2 1 0 
2 73 3 1 71 2 4 1 0 1 2 1 2 1 2 2 2 1 0 
2 73 3 1 71 2 0 1 0 1 2 1 2 1 2 2 2 1 0 
2 73 3 1 71 2 0 1 0 1 4 1 2 1 2 2 2 1 0 
2 76 3 1 71 2 0 1 0 1 4 1 2 1 2 2 2 1 0 
2 11 3 1 71 2 0 1 0 1 4 1 2 1 2 2 2 1 0 
2 11 4 1 71 2 0 1 0 1 4 1 2 1 2 2 2 1 0 
2 63 4 1 71 2 0 1 0 1 4 1 2 1 2 2 2 1 0 
2 63 4 1 71 2 0 1 0 0 4 1 2 1 2 2 2 1 0 
2 63 4 1 71 2 0 1 0 0 4 1 2 2 2 2 2 1 0 
2 11 3 1 1 2 0 1 0 1 4 1 2 1 2 2 2 1 0 
2 11 3 1 1 2 0 1 0 1 4 1 2 0 2 2 2 1 0 
2 11 3 1 1 0 0 1 0 1 4 1 2 0 2 2 2 1 0 
2 11 0 1 1 0 0 1 0 1 4 1 2 0 2 2 2 1 0 
2 11 3 1 1 3 0 1 0 1 4 1 2 1 2 2 2 1 0 
2 73 3 1 73 2 4 1 0 1 2 1 2 1 2 2 2 1 0 
2 73 3 1 73 2 4 1 0 1 2 1 0 1 2 2 2 1 0 
2 73 3 1 73 2 0 1 0 1 2 1 2 1 2 2 2 1 0 
0 73 3 1 71 2 0 1 0 1 2 1 2 1 2 2 2 1 0 
0 73 3 1 71 2 0 1 0 1 2 1 2 1 1 2 2 1 0 
0 73 3 1 71 2 0 1 0 1 2 1 2 1 1 3 2 1 0 
3 73 3 1 71 2 0 1 0 1 2 1 2 1 1 3 2 1 0 
3 77 3 1 71 2 0 1 0 1 2 1 2 1 1 3 2 1 0 
2 73 3 1 71 2 0 1 0 1 2 1 2 2 2 2 2 1 0 
2 11 3 1 1 0 0 1 0 1 4 1 0 0 2 2 2 1 0 
2 11 3 1 1 0 0 1 0 1 4 1 0 0 2 2 1 1 0 
1 73 0 1 71 3 4 1 0 1 1 1 2 1 2 2 2 1 0 
1 73 0 1 71 3 4 1 0 1 1 0 2 1 2 2 2 1 0 
1 73 0 1 71 3 4 1 0 1 1 0 2 1 2 3 2 1 0 
1 73 0 1 71 4 4 1 0 1 1 0 2 1 2 3 2 1 0 
1 73 0 1 71 4 4 1 0 1 1 0 2 1 3 3 2 1 0 
1 73 0 1 71 4 4 1 0 1 1 0 2 1 3 0 2 1 0 
2 73 0 1 71 4 4 1 0 1 1 0 2 1 2 3 2 1 0 
2 73 0 1 71 4 0 1 0 1 1 0 2 1 2 3 2 1 0 
2 73 4 1 71 4 0 1 0 1 1 0 2 1 2 3 2 1 0 
2 73 4 1 71 4 0 4 0 1 1 0 2 1 2 3 2 1 0 
2 73 4 1 71 4 0 1 0 1 1 0 2 1 1 3 2 1 0 
2 73 0 1 71 4 0 1 0 1 1 0 2 1 1 3 2 1 0 
2 73 0 1 133 4 0 1 0 1 1 0 2 1 1 3 2 1 0 
2 73 0 1 133 0 0 1 0 1 1 0 2 1 1 3 2 1 0 
2 73 0 1 133 4 0 1 0 1 1 0 0 1 1 3 2 1 0 
2 73 0 1 133 4 0 1 0 1 1 1 0 1 1 3 2 1 0 
2 73 0 1 133 4 0 1 0 1 1 1 0 1 1 3 2 0 0 
1 73 0 1 71 4 4 1 0 1 1 0 2 1 3 3 2 0 0 
1 73 0 0 71 4 4 1 0 1 1 0 2 1 3 3 2 0 0 
3 73 0 0 71 4 4 1 0 1 1 0 2 1 3 3 2 0 0 
0 73 0 0 71 4 4 1 0 1 1 0 2 1 3 3 2 0 0 
2 73 0 0 71 4 4 1 0 1 1 0 2 1 3 3 2 0 0 
1 73 0 1 71 0 4 1 0 1 1 0 2 1 2 3 2 1 0 
1 73 0 1 71 4 4 1 0 1 1 0 2 0 3 3 2 0 0 
2 71 0 1 71 4 4 1 0 1 1 0 2 1 2 3 2 1 0 
2 71 0 1 71 4 4 1 0 1 4 0 2 1 2 3 2 1 0 
2 73 4 1 71 4 4 4 0 1 1 0 2 1 2 3 2 1 0 
2 73 4 1 71 4 4 4 0 1 1 0 2 1 2 0 2 1 0 
2 73 4 1 71 0 4 4 0 1 1 0 2 1 2 3 2 1 0 
2 73 4 1 71 2 4 4 0 1 1 0 2 1 2 3 2 1 0 
1 73 0 0 71 4 4 1 0 1 1 0 2 1 3 3 2 1 0 
0 73 0 0 71 4 4 1 0 1 1 0 2 1 3 3 2 1 0 
0 73 0 0 71 4 4 1 0 1 1 0 2 1 1 3 2 1 0 
0 73 0 0 71 4 4 4 0 1 1 0 2 1 1 3 2 1 0 
0 73 0 0 71 4 4 1 0 1 1 0 2 1 3 0 2 1 0 
0 73 0 0 71 4 4 1 0 1 1 0 2 2 3 0 2 1 0 
2 73 0 0 71 4 4 1 0 1 1 0 2 1 1 3 2 1 0 
2 73 2 0 71 4 4 1 0 1 1 0 2 1 1 3 2 1 0 
0 73 3 1 71 2 0 1 0 1 4 1 2 1 2 2 2 1 0 
0 73 3 1 71 2 0 1 0 1 4 1 2 1 2 2 2 1 1 
0 73 3 1 87 2 0 1 0 1 4 1 2 1 2 2 2 1 1 
0 73 3 1 87 2 0 1 0 1 4 0 2 1 2 2 2 1 1 
0 73 3 6 71 2 4 4 0 1 3 0 2 1 2 2 2 1 0 
0 73 3 6 71 4 4 4 0 1 3 0 2 1 2 2 2 1 0 
0 73 3 6 71 4 4 4 0 1 3 0 2 1 2 0 2 1 0 
0 73 4 6 71 4 4 4 0 1 3 0 2 1 2 0 2 1 0 
0 23 4 6 71 4 4 4 0 1 3 0 2 1 2 0 2 1 0 
0 23 4 6 71 4 4 4 0 2 3 0 2 1 2 0 2 1 0 
0 79 4 6 71 4 4 4 0 2 3 0 2 1 2 0 2 1 0 
1 79 4 6 71 4 4 4 0 2 3 0 2 1 2 0 2 1 0 
0 73 4 0 71 4 4 4 0 1 3 0 2 1 2 0 2 1 0 
0 73 4 0 71 4 4 4 0 1 1 0 2 1 2 0 2 1 0 
0 73 4 0 71 4 4 1 0 1 1 0 2 1 2 0 2 1 0 
0 73 4 0 71 4 4 4 0 1 3 2 2 1 2 0 2 1 0 
0 73 0 6 71 4 4 4 0 1 3 0 2 1 2 2 2 1 0 
0 73 3 6 71 2 4 1 0 1 3 0 2 1 2 2 2 1 0 
0 73 0 1 71 0 4 1 0 2 1 0 2 2 2 2 2 1 0 
0 73 3 1 71 0 4 1 0 2 1 0 2 2 2 2 2 1 0 
0 71 0 1 71 0 4 1 0 2 1 0 2 2 2 2 2 1 0 
0 71 1 1 71 0 4 1 0 2 1 0 2 2 2 2 2 1 0 
0 71 1 1 71 0 4 1 0 2 4 0 2 2 2 2 2 1 0 
0 71 1 1 71 0 4 1 0 2 1 0 2 2 2 0 2 1 0 
0 71 1 1 71 0 4 1 0 2 4 0 0 2 2 2 2 1 0 
0 71 4 1 71 0 4 1 0 2 4 0 0 2 2 2 2 1 0 
0 71 1 1 71 0 4 3 0 2 4 0 0 2 2 2 2 1 0 
0 71 1 1 71 0 4 3 1 2 4 0 0 2 2 2 2 1 0 
0 71 1 5 71 0 4 3 0 2 4 0 0 2 2 2 2 1 0 
0 71 1 5 71 0 4 3 0 2 1 0 0 2 2 2 2 1 0 
0 71 1 1 71 0 0 3 0 2 4 0 0 2 2 2 2 1 0 
0 71 3 1 71 0 0 3 0 2 4 0 0 2 2 2 2 1 0 
0 71 3 1 71 4 0 3 0 2 4 0 0 2 2 2 2 1 0 
0 71 3 1 71 4 0 3 0 0 4 0 0 2 2 2 2 1 0 
0 71 3 1 71 4 1 3 0 2 4 0 0 2 2 2 2 1 0 
0 71 3 1 71 4 1 3 0 0 4 0 0 2 2 2 2 1 0 
0 73 0 1 71 0 0 1 0 2 1 0 2 2 2 2 2 1 0 
3 73 0 1 71 0 0 1 0 2 1 0 2 2 2 2 2 1 0 
0 73 0 1 71 3 0 1 0 2 1 0 2 2 2 2 2 1 0 
0 71 1 5 71 0 4 3 0 2 4 0 0 2 2 2 2 0 0 
0 71 3 1 71 0 0 1 0 2 4 0 0 2 2 2 2 1 0 
0 73 0 1 133 4 0 1 0 1 1 1 0 1 1 3 2 0 0 
0 73 0 1 133 4 4 1 0 1 1 1 0 1 1 3 2 0 0 
0 73 0 1 63 4 4 1 0 1 1 1 0 1 1 3 2 0 0 
0 73 0 1 133 4 4 1 0 0 1 1 0 1 1 3 2 0 0 
0 73 1 1 133 4 4 1 0 1 1 1 0 1 1 3 2 0 0 
0 73 1 1 133 4 4 1 0 2 1 1 0 1 1 3 2 0 0 
0 73 1 1 133 4 4 1 0 2 1 1 0 1 1 0 2 0 0 
0 73 1 1 133 4 0 1 0 2 1 1 0 1 1 0 2 0 0 
0 73 1 1 133 4 2 1 0 2 1 1 0 1 1 0 2 0 0 
0 73 0 1 133 4 2 1 0 2 1 1 0 1 1 0 2 0 0 
0 73 1 1 133 4 2 1 0 2 1 1 0 1 3 0 2 0 0 
0 73 1 1 133 4 0 1 0 2 1 1 0 1 3 0 2 0 0 
0 73 1 1 133 4 0 1 1 2 1 1 0 1 3 0 2 0 0 
0 73 0 1 133 4 0 1 1 2 1 1 0 1 3 0 2 0 0 
0 73 0 1 133 4 0 1 1 2 1 1 0 1 3 0 2 1 0 
0 73 0 1 133 4 0 1 1 2 1 1 0 1 4 0 2 1 0 
0 21 1 1 133 4 0 1 1 2 1 1 0 1 3 0 2 0 0 
0 21 1 1 199 4 0 1 1 2 1 1 0 1 3 0 2 0 0 
0 73 1 1 133 4 0 2 0 2 1 1 0 1 3 0 2 0 0 
0 73 1 1 133 4 0 2 0 2 1 1 0 1 3 3 2 0 0 
0 73 0 1 133 4 0 1 1 0 1 1 0 1 3 0 2 1 0 
0 73 0 1 133 4 0 1 1 2 1 1 0 1 1 0 2 1 0 
0 73 0 1 133 4 0 1 1 2 1 1 0 0 1 0 2 1 0 
0 73 0 1 133 4 0 1 1 2 1 0 0 0 1 0 2 1 0 
0 73 0 1 133 4 0 1 1 2 2 0 0 0 1 0 2 1 0 
0 73 0 1 133 4 0 1 1 2 2 0 0 0 1 2 2 1 0 
0 73 0 1 133 4 0 1 1 2 2 0 0 0 1 3 2 1 0 
0 73 1 1 133 4 2 1 0 2 1 1 0 2 1 0 2 0 0 
0 73 1 1 133 4 2 1 0 2 2 1 0 2 1 0 2 0 0 
0 73 4 1 133 4 2 1 0 2 2 1 0 2 1 0 2 0 0 
0 73 4 1 133 4 2 1 0 0 2 1 0 2 1 0 2 0 0 
0 73 0 1 133 4 2 1 0 0 2 1 0 2 1 0 2 0 0 
0 73 0 1 133 4 2 1 0 0 1 1 0 2 1 0 2 0 0 
0 73 0 1 133 4 2 1 0 0 1 1 0 2 1 0 2 1 0 
0 73 1 1 133 4 2 1 0 2 2 1 0 2 1 0 2 1 0 
0 73 0 1 133 4 2 1 0 0 3 1 0 2 1 0 2 0 0 
0 73 0 1 133 4 2 1 0 0 3 1 0 2 1 3 2 0 0 
0 73 0 1 200 4 2 1 0 0 3 1 0 2 1 0 2 0 0 
0 77 0 1 133 4 2 1 0 0 3 1 0 2 1 3 2 0 0 
0 77 0 1 133 4 2 3 0 0 3 1 0 2 1 3 2 0 0 
0 77 0 1 133 4 0 3 0 0 3 1 0 2 1 3 2 0 0 
0 21 1 0 199 4 0 1 1 2 1 1 0 1 3 0 2 0 0 
0 21 1 0 199 4 0 1 1 2 1 1 0 0 3 0 2 0 0 
0 21 1 0 199 4 0 1 1 2 1 1 0 1 4 0 2 0 0 
0 21 1 0 199 4 0 1 1 2 1 1 0 1 4 0 1 0 0 
0 73 1 1 133 4 2 2 0 2 1 1 0 2 1 0 2 0 0 
0 73 1 1 133 0 2 2 0 2 1 1 0 2 1 0 2 0 0 
0 73 1 1 133 3 2 2 0 2 1 1 0 2 1 0 2 0 0 
0 73 1 1 133 0 2 2 0 2 1 2 0 2 1 0 2 0 0 
0 73 2 1 133 4 0 1 1 2 1 1 0 1 1 0 2 1 0 
0 73 2 1 133 4 0 1 0 2 1 1 0 1 1 0 2 1 0 
0 73 2 1 133 4 0 1 0 2 1 1 0 1 3 0 2 1 0 
0 73 3 1 133 4 0 1 0 2 1 1 0 1 3 0 2 1 0 
0 73 0 1 133 4 0 1 0 2 1 1 0 1 3 0 2 1 0 
0 73 0 1 133 4 0 1 0 0 1 1 0 1 3 0 2 1 0 
0 73 0 1 133 0 0 1 0 0 1 1 0 1 3 0 2 1 0 
0 73 1 1 133 4 0 2 0 2 1 1 2 1 3 0 2 0 0 
0 73 1 1 133 4 0 2 0 2 4 1 2 1 3 0 2 0 0 
2 73 1 1 133 4 2 1 0 2 1 1 0 1 3 0 2 0 0 
2 73 1 1 133 4 2 1 0 2 1 1 0 1 3 3 2 0 0 
0 73 1 1 133 4 0 1 0 2 2 1 0 1 3 0 2 0 0 
0 73 0 1 133 0 0 1 1 0 1 1 0 1 3 0 2 1 0 
0 73 1 1 133 4 0 1 1 0 1 1 0 1 3 0 2 1 0 
0 73 0 1 133 4 0 1 1 2 1 0 0 0 1 1 2 1 0 
0 73 0 1 133 4 0 1 1 2 1 0 0 0 1 1 1 1 0 
0 76 0 1 133 4 0 1 1 2 1 0 0 0 1 1 1 1 0 
0 76 0 1 133 4 0 1 1 2 1 0 0 0 1 1 1 1 1 
0 73 1 1 133 4 0 1 0 2 2 1 0 1 1 0 2 0 0 
0 73 1 1 133 4 2 1 0 2 2 1 0 1 1 0 2 0 0 
0 73 1 1 133 4 2 1 0 2 2 1 0 1 1 0 1 0 0 
0 73 1 1 133 4 0 1 0 2 2 1 0 1 1 0 1 0 0 
0 73 1 1 136 4 2 1 0 2 2 1 0 1 1 0 1 0 0 
0 73 1 1 133 4 3 1 0 2 2 1 0 1 1 0 2 0 0 
0 73 1 1 133 4 2 1 0 2 2 1 0 1 1 2 1 0 0 
0 73 1 1 133 4 2 1 0 2 2 1 0 1 1 3 1 0 0 
0 73 1 1 133 4 2 1 0 2 1 1 0 1 1 3 1 0 0 
0 73 1 1 133 4 2 1 0 2 1 1 0 0 1 3 1 0 0 
0 73 1 1 133 4 2 1 0 2 2 1 0 0 1 2 1 0 0 
0 73 1 1 133 4 0 1 0 2 2 1 0 1 1 0 2 1 0 
0 73 1 1 133 4 2 1 0 2 1 0 0 0 1 3 1 0 0 
0 73 1 1 133 4 3 1 0 2 1 0 0 0 1 3 1 0 0 
0 73 3 1 133 4 2 1 0 2 1 1 0 0 1 3 1 0 0 
0 73 1 1 133 4 0 3 0 2 2 1 0 1 1 0 2 1 0 
0 73 1 1 133 4 0 3 0 2 2 1 0 1 1 1 2 1 0 
0 73 4 1 133 4 0 3 0 2 2 1 0 1 1 1 2 1 0 
0 73 4 1 133 4 0 3 0 2 2 1 0 1 1 1 1 1 0 
0 73 0 1 133 4 0 3 0 2 2 1 0 1 1 1 2 1 0 
2 73 0 1 133 4 2 1 0 0 1 1 0 2 1 0 2 0 0 
2 73 0 1 133 4 2 1 0 0 1 1 2 2 1 0 2 0 0 
2 73 0 1 133 4 2 1 0 0 1 1 0 2 2 0 2 0 0 
2 73 0 1 133 0 2 1 0 0 1 1 2 2 1 0 2 0 0 
2 73 0 1 133 0 2 1 0 0 1 1 2 2 1 2 2 0 0 
2 73 1 1 133 0 2 1 0 0 1 1 2 2 1 2 2 0 0 
0 21 3 0 199 4 0 1 1 2 1 1 0 1 4 0 1 0 0 
0 21 3 0 1 4 0 1 1 2 1 1 0 1 4 0 1 0 0 
0 73 0 1 133 4 0 1 1 0 1 0 0 0 1 1 1 1 0 
0 73 0 1 133 4 0 1 1 0 1 0 0 0 3 1 1 1 0 
2 73 1 1 133 4 0 1 0 2 1 1 0 1 3 0 2 0 0 
2 73 1 1 133 4 0 1 0 2 1 1 0 1 3 0 2 0 1 
0 73 1 1 133 0 0 2 0 2 1 1 0 1 3 3 2 0 0 
0 78 1 1 133 0 0 2 0 2 1 1 0 1 3 3 2 0 0 
0 77 0 1 133 4 2 1 0 0 3 1 0 2 3 3 2 0 0 
0 73 1 1 161 4 0 1 1 0 1 1 0 1 3 0 2 1 0 
0 73 1 1 161 4 0 1 1 1 1 1 0 1 3 0 2 1 0 
0 73 1 1 161 4 0 3 1 1 1 1 0 1 3 0 2 1 0 
0 73 0 1 161 4 0 3 1 1 1 1 0 1 3 0 2 1 0 
0 73 1 1 161 4 0 1 1 1 1 2 0 1 3 0 2 1 0 
0 73 1 1 161 4 0 1 1 1 1 1 0 1 3 0 2 1 1 
0 73 0 1 161 4 0 3 1 1 1 1 0 1 3 1 2 1 0 
0 73 1 3 133 4 0 2 0 2 4 1 2 1 3 0 2 0 0 
0 73 1 3 133 4 0 2 0 2 4 1 0 1 3 0 2 0 0 
0 73 1 1 133 4 3 1 0 2 1 1 0 1 1 0 2 0 0 
0 73 1 1 133 4 3 3 0 2 1 1 0 1 1 0 2 0 0 
0 73 1 1 133 4 3 3 0 2 1 2 0 1 1 0 2 0 0 
0 73 1 1 133 4 3 3 0 2 1 2 0 1 4 0 2 0 0 
0 73 1 1 133 4 3 3 1 2 1 2 0 1 1 0 2 0 0 
0 73 1 1 133 4 3 1 0 2 1 2 0 1 4 0 2 0 0 
0 73 1 1 133 4 3 1 0 0 1 2 0 1 4 0 2 0 0 
0 73 1 1 133 4 3 1 0 0 1 2 0 1 1 0 2 0 0 
0 73 1 1 133 4 3 1 0 0 1 2 0 1 1 1 2 0 0 
0 73 4 1 133 4 3 1 0 0 1 2 0 1 1 1 2 0 0 
0 73 4 1 133 4 3 1 0 0 1 2 0 1 4 1 2 0 0 
0 73 1 1 137 4 3 1 0 0 1 2 0 1 1 1 2 0 0 
0 73 1 1 137 4 3 1 0 0 1 2 2 1 1 1 2 0 0 
0 73 1 1 137 4 3 1 0 1 1 2 0 1 1 1 2 0 0 
0 73 1 1 137 4 3 1 0 1 1 3 0 1 1 1 2 0 0 
0 73 1 2 133 4 3 1 0 0 1 2 0 1 1 0 2 0 0 
0 73 1 2 133 0 3 1 0 0 1 2 0 1 1 0 2 0 0 
0 73 1 2 133 4 3 2 0 0 1 2 0 1 1 0 2 0 0 
0 73 1 2 133 0 3 2 0 0 1 2 0 1 1 0 2 0 0 
0 73 3 2 133 0 3 2 0 0 1 2 0 1 1 0 2 0 0 
0 73 1 2 133 0 3 2 0 0 1 2 0 1 4 0 2 0 0 
0 73 2 1 137 4 3 1 0 0 1 2 2 1 1 1 2 0 0 
0 73 0 2 133 4 0 1 1 2 1 1 0 1 4 0 2 1 0 
1 73 0 2 133 4 0 1 1 2 1 1 0 1 4 0 2 1 0 
1 73 0 2 133 4 0 1 1 2 1 1 0 2 4 0 2 1 0 
0 73 1 1 137 4 3 3 0 1 1 2 0 1 1 1 2 0 0 
0 73 1 1 137 4 3 3 0 1 1 2 2 1 1 1 2 0 0 
0 73 1 1 137 4 3 3 0 1 1 0 0 1 1 1 2 0 0 
0 73 1 1 137 4 4 3 0 1 1 0 0 1 1 1 2 0 0 
0 31 1 1 137 4 4 3 0 1 1 0 0 1 1 1 2 0 0 
0 73 2 1 137 4 3 3 0 1 1 2 2 1 1 1 2 0 0 
0 73 1 1 137 4 3 3 0 1 1 2 0 0 1 1 2 0 0 
0 73 1 1 137 4 3 3 0 2 1 2 0 0 1 1 2 0 0 
0 73 1 1 137 4 3 3 1 2 1 2 0 0 1 1 2 0 0 
0 73 1 1 59 4 3 3 1 2 1 2 0 0 1 1 2 0 0 
0 73 1 1 59 4 3 3 1 2 1 2 0 0 1 1 2 0 1 
0 73 1 1 136 4 3 3 1 2 1 2 0 0 1 1 2 0 0 
0 73 1 1 133 4 3 3 0 2 1 2 0 1 4 3 2 0 0 
1 73 1 1 133 4 3 3 0 2 1 2 0 1 4 0 2 0 0 
1 73 1 1 133 4 3 3 0 2 1 2 0 2 4 0 2 0 0 
1 73 1 1 133 4 3 3 0 2 1 2 0 2 4 2 2 0 0 
2 73 1 1 133 4 2 4 0 2 1 1 0 1 3 0 2 0 0 
2 73 1 1 117 4 2 1 0 2 1 1 0 1 3 0 2 0 0 
2 73 1 1 117 4 2 1 0 2 1 0 0 1 3 0 2 0 0 
0 73 1 1 133 4 2 1 0 2 2 1 1 1 1 3 1 0 0 
1 73 1 3 133 4 3 3 0 2 1 2 0 1 4 0 2 0 0 
1 73 0 3 133 4 3 3 0 2 1 2 0 1 4 0 2 0 0 
1 73 0 3 133 4 3 3 0 2 1 2 2 1 4 0 2 0 0 
2 73 0 3 133 4 3 3 0 2 1 2 2 1 4 0 2 0 0 
0 73 0 1 133 4 2 1 0 1 2 1 0 2 1 0 2 0 0 
0 73 1 1 133 4 0 3 0 2 2 1 0 1 2 1 2 1 0 
0 71 0 1 71 0 4 1 0 2 1 0 2 2 1 2 2 1 0 
2 73 0 0 71 4 4 1 0 1 1 0 2 2 3 3 2 0 0 
0 73 0 2 133 4 1 1 1 2 1 1 0 1 4 0 2 1 0 
0 21 0 1 199 4 0 1 1 2 1 1 0 1 3 0 2 0 0 
0 21 0 1 199 4 0 1 1 2 1 1 0 2 3 0 2 0 0 
0 21 0 1 199 4 0 4 1 2 1 1 0 2 3 0 2 0 0 
0 21 0 1 199 4 0 1 1 2 2 1 0 1 3 0 2 0 0 
0 21 0 1 199 4 0 2 1 2 1 1 0 1 3 0 2 0 0 
0 21 0 1 199 4 0 2 1 2 1 1 2 1 3 0 2 0 0 
0 21 0 1 199 4 0 1 0 2 1 1 0 2 3 0 2 0 0 
0 73 0 1 71 4 4 1 0 1 3 0 2 1 2 2 2 1 0 
0 73 0 1 71 4 4 1 0 1 4 0 2 1 2 2 2 1 0 
0 73 0 1 71 4 4 1 0 1 3 2 2 1 2 2 2 1 0 
1 73 0 1 71 4 4 1 0 1 3 2 2 1 2 2 2 1 0 
0 73 0 1 133 0 0 1 1 2 1 1 0 1 3 0 2 0 0 
0 73 0 0 133 0 0 1 1 2 1 1 0 1 3 0 2 0 0 
0 73 0 3 133 0 0 1 1 2 1 1 0 1 3 0 2 0 0 
0 73 0 7 133 0 0 1 1 2 1 1 0 1 3 0 2 0 0 
0 73 0 7 133 0 0 1 1 2 1 1 0 1 4 0 2 0 0 
0 73 0 7 133 0 0 1 1 2 1 2 0 1 3 0 2 0 0 
0 73 0 7 133 0 0 1 1 2 1 2 0 1 3 3 2 0 0 
0 73 0 7 133 0 0 1 1 2 1 2 0 2 3 3 2 0 0 
0 73 0 7 133 0 0 1 1 2 1 2 0 0 3 3 2 0 0 
0 73 0 7 133 0 0 1 1 2 1 2 0 1 4 0 2 0 0 
0 73 0 7 133 0 0 1 1 2 1 2 0 1 3 3 1 0 0 
1 73 0 7 133 0 0 1 1 2 1 2 0 2 3 3 2 0 0 
1 73 0 7 133 0 0 3 1 2 1 2 0 2 3 3 2 0 0 
1 73 0 7 133 0 0 1 1 2 1 2 0 1 3 3 1 0 0 
0 73 1 1 133 4 2 2 0 2 1 1 0 1 1 3 1 0 0 
0 73 1 1 133 4 2 2 1 2 1 1 0 1 1 3 1 0 0 
1 73 1 1 133 4 2 2 1 2 1 1 0 1 1 3 1 0 0 
1 73 1 1 133 4 2 2 1 2 1 1 0 2 1 3 1 0 0 
1 73 1 1 133 4 2 2 1 0 1 1 0 2 1 3 1 0 0 
1 73 1 1 135 4 2 2 1 0 1 1 0 2 1 3 1 0 0 
1 79 1 1 135 4 2 2 1 0 1 1 0 2 1 3 1 0 0 
1 79 1 1 135 4 2 2 1 1 1 1 0 2 1 3 1 0 0 
1 79 1 1 135 4 2 2 1 1 1 1 0 2 1 0 1 0 0 
1 79 1 1 135 4 2 2 1 1 1 1 0 2 4 0 1 0 0 
1 73 1 1 133 4 2 2 1 2 1 1 0 1 3 3 1 0 0 
1 73 1 1 133 4 2 2 1 2 1 1 0 1 4 3 1 0 0 
0 73 1 1 133 4 2 2 1 2 2 1 0 1 1 3 1 0 0 
0 73 1 1 133 4 2 2 1 2 2 1 1 1 1 3 1 0 0 
0 73 1 1 133 4 0 2 1 2 2 1 1 1 1 3 1 0 0 
0 73 0 1 133 4 0 2 1 2 2 1 1 1 1 3 1 0 0 
0 73 0 1 133 4 0 2 1 2 2 1 1 2 1 3 1 0 0 
0 73 1 1 133 4 2 2 1 2 2 1 1 1 3 3 1 0 0 
0 73 1 1 133 4 2 2 1 2 1 1 1 1 3 3 1 0 0 
0 73 2 1 133 4 2 2 1 2 1 1 1 1 3 3 1 0 0 
0 55 1 1 133 4 2 2 1 2 2 1 1 1 1 3 1 0 0 
0 73 0 1 133 4 0 2 1 2 2 1 1 2 3 3 1 0 0 
0 73 0 1 133 4 1 2 1 2 2 1 1 2 3 3 1 0 0 
0 73 0 1 133 4 1 2 1 2 2 1 0 2 3 3 1 0 0 
0 73 0 1 133 4 1 2 1 2 3 1 0 2 3 3 1 0 0 
0 73 0 1 133 4 1 2 1 2 3 1 0 2 3 0 1 0 0 
0 73 0 1 133 4 1 2 1 2 3 1 0 2 1 0 1 0 0 
0 73 0 1 133 4 3 2 1 2 3 1 0 2 1 0 1 0 0 
0 73 0 1 133 4 1 2 1 2 3 1 0 0 1 0 1 0 0 
0 73 0 1 133 4 1 1 1 2 3 1 0 0 1 0 1 0 0 
0 73 0 1 133 4 1 1 1 2 3 1 0 2 1 0 1 0 0 
0 73 1 1 133 4 1 1 1 2 3 1 0 2 1 0 1 0 0 
0 73 1 1 133 4 1 1 1 2 4 1 0 2 1 0 1 0 0 
0 73 1 1 133 4 1 2 1 2 3 1 0 2 3 0 1 0 0 
0 73 1 1 133 4 1 2 1 0 3 1 0 2 3 0 1 0 0 
0 78 1 1 133 4 1 2 1 0 3 1 0 2 3 0 1 0 0 
0 78 3 1 133 4 1 2 1 0 3 1 0 2 3 0 1 0 0 
0 78 3 1 133 4 1 2 1 0 3 3 0 2 3 0 1 0 0 
0 78 3 1 133 4 1 2 1 0 3 0 0 2 3 0 1 0 0 
0 78 3 1 133 4 1 2 1 0 3 0 2 2 3 0 1 0 0 
0 78 3 1 133 4 1 4 1 0 3 3 0 2 3 0 1 0 0 
0 78 3 1 133 4 1 2 1 0 3 0 2 2 3 0 1 1 0 
0 78 3 1 133 4 0 2 1 0 3 0 2 2 3 0 1 1 0 
0 78 3 1 133 4 0 2 1 0 3 0 2 0 3 0 1 1 0 
0 78 3 1 133 4 0 2 1 0 3 0 0 0 3 0 1 1 0 
0 45 3 1 133 4 1 2 1 0 3 0 2 2 3 0 1 1 0 
0 45 4 1 133 4 1 2 1 0 3 0 2 2 3 0 1 1 0 
0 45 4 1 133 4 1 2 1 0 3 1 2 2 3 0 1 1 0 
0 78 3 1 133 4 1 2 1 2 3 0 2 2 3 0 1 1 0 
0 78 3 1 133 4 1 2 1 2 3 0 2 2 3 3 1 1 0 
0 78 0 1 133 4 1 2 1 2 3 0 2 2 3 0 1 1 0 
0 78 3 1 133 4 1 2 1 2 3 1 2 2 3 0 1 1 0 
0 73 0 1 133 0 0 2 1 2 2 1 1 2 3 3 1 0 0 
0 73 0 1 133 0 0 2 1 2 2 1 2 2 3 3 1 0 0 
0 73 0 1 133 0 2 2 1 2 2 1 2 2 3 3 1 0 0 
0 73 0 1 133 4 1 2 1 2 1 1 0 2 3 3 1 0 0 
0 73 0 1 133 4 1 2 1 2 1 1 0 0 3 3 1 0 0 
0 73 0 1 133 4 0 2 1 2 1 1 0 0 3 3 1 0 0 
0 73 0 1 133 4 0 2 1 0 1 1 0 0 3 3 1 0 0 
0 73 0 1 133 4 0 2 1 2 1 0 0 0 3 3 1 0 0 
0 73 0 1 133 4 0 4 1 2 1 0 0 0 3 3 1 0 0 
0 73 0 1 133 4 0 4 1 2 1 0 0 0 3 3 1 1 0 
0 73 0 0 133 4 0 4 1 2 1 0 0 0 3 3 1 1 0 
0 73 0 0 133 4 1 4 1 2 1 0 0 0 3 3 1 1 0 
0 73 0 1 133 4 0 4 1 2 1 0 0 0 4 3 1 0 0 
0 73 1 0 133 4 0 4 1 2 1 0 0 0 3 3 1 1 0 
0 73 1 0 133 4 0 4 1 2 1 0 0 1 3 3 1 1 0 
0 73 0 1 133 0 0 4 1 2 1 0 0 0 3 3 1 0 0 
0 73 2 1 133 4 1 2 1 2 1 1 0 2 3 3 1 0 0 
0 73 2 1 133 4 1 2 1 2 1 3 0 2 3 3 1 0 0 
0 73 4 1 133 4 1 2 1 2 1 3 0 2 3 3 1 0 0 
0 73 4 1 133 4 1 4 1 2 1 3 0 2 3 3 1 0 0 
0 48 4 1 133 4 1 4 1 2 1 3 0 2 3 3 1 0 0 
0 73 2 1 133 4 1 2 1 2 2 3 0 2 3 3 1 0 0 
1 73 2 1 133 4 1 2 1 2 2 3 0 2 3 3 1 0 0 
0 73 2 5 133 4 1 2 1 2 2 3 0 2 3 3 1 0 0 
0 73 2 5 133 4 1 2 1 2 2 3 0 0 3 3 1 0 0 
0 73 1 0 133 4 0 4 1 2 1 0 0 1 3 3 2 1 0 
0 73 1 0 133 4 0 4 1 2 1 0 0 0 3 3 2 1 0 
0 73 1 0 133 4 0 4 1 2 1 0 0 0 3 3 2 0 0 
0 73 1 0 135 4 0 4 1 2 1 0 0 0 3 3 2 0 0 
0 73 4 1 133 4 1 2 1 2 1 3 0 2 3 3 2 0 0 
0 73 2 5 133 4 1 2 1 2 2 0 0 0 3 3 1 0 0 
0 73 2 5 133 4 1 2 1 2 2 0 0 0 3 3 2 0 0 
0 73 2 5 133 4 1 2 1 2 2 0 0 0 3 3 2 1 0 
0 73 2 5 133 4 1 2 1 0 2 0 0 0 3 3 1 0 0 
0 73 2 1 133 4 2 2 1 2 1 1 0 2 3 3 1 0 0 
0 73 2 2 133 4 2 2 1 2 1 1 0 2 3 3 1 0 0 
0 73 2 2 133 4 2 2 1 2 1 1 0 2 3 3 1 1 0 
0 73 0 2 133 4 2 2 1 2 1 1 0 2 3 3 1 1 0 
0 73 2 5 131 4 1 2 1 2 2 3 0 0 3 3 1 0 0 
0 73 2 5 131 4 1 2 1 2 2 0 0 0 3 3 1 0 0 
0 73 2 5 133 4 3 2 1 2 2 0 0 0 3 3 1 0 0 
0 80 2 5 133 4 3 2 1 2 2 0 0 0 3 3 1 0 0 
0 80 2 5 133 4 3 2 0 2 2 0 0 0 3 3 1 0 0 
0 73 0 5 133 4 3 2 1 2 2 0 0 0 3 3 1 0 0 
2 73 0 5 133 4 3 2 1 2 2 0 0 0 3 3 1 0 0 
0 73 2 5 133 4 3 2 1 2 2 0 0 0 3 0 1 0 0 
0 73 2 5 133 4 3 2 1 2 2 0 0 0 4 0 1 0 0 
0 73 2 5 133 4 3 2 1 2 2 0 0 0 4 3 1 0 0 
0 73 2 1 133 4 1 2 1 2 3 1 0 2 1 0 1 0 0 
0 15 2 1 133 4 1 2 1 2 3 1 0 2 1 0 1 0 0 
0 73 2 1 133 4 1 2 1 2 3 1 2 2 1 0 1 0 0 
0 73 2 1 133 4 0 2 1 2 3 1 2 2 1 0 1 0 0 
0 73 2 1 133 4 1 2 1 2 3 1 2 2 3 0 1 0 0 
0 73 2 1 133 4 1 2 1 2 3 1 0 2 3 0 1 0 0 
0 73 2 1 133 4 1 2 1 2 3 1 0 0 3 0 1 0 0 
0 73 2 7 133 4 1 2 1 2 3 1 0 0 3 0 1 0 0 
0 73 2 7 133 4 1 2 1 2 3 1 0 0 3 0 1 1 0 
0 73 2 10 133 4 1 2 1 2 3 1 0 0 3 0 1 1 0 
0 73 2 7 133 4 1 2 1 2 3 0 0 0 3 0 1 1 0 
0 73 2 7 133 4 1 2 1 2 3 0 1 0 3 0 1 1 0 
0 73 2 1 133 4 3 2 1 2 3 1 2 2 3 0 1 0 0 
0 73 2 1 133 4 0 2 1 2 3 1 2 2 3 0 1 0 0 
0 21 2 1 133 4 0 2 1 2 3 1 2 2 3 0 1 0 0 
0 21 2 1 133 4 0 2 1 2 3 1 2 2 4 0 1 0 0 
0 21 2 1 1 4 0 2 1 2 3 1 2 2 4 0 1 0 0 
0 21 2 1 133 4 0 2 1 2 3 2 2 2 3 0 1 0 0 
0 43 2 1 133 4 1 2 1 2 3 1 0 2 1 0 1 0 0 
0 43 2 1 53 4 1 2 1 2 3 1 0 2 1 0 1 0 0 
0 21 2 9 133 4 0 2 1 2 3 2 2 2 3 0 1 0 0 
0 73 0 1 133 4 0 2 1 2 3 1 2 2 3 0 1 0 0 
0 73 0 1 133 4 0 2 1 2 3 1 2 2 3 1 1 0 0 
0 73 0 1 133 4 0 2 1 2 3 1 2 0 3 1 1 0 0 
0 73 0 1 133 4 0 2 1 2 3 1 2 0 3 2 1 0 0 
0 73 1 1 133 4 0 2 1 2 3 1 2 0 3 1 1 0 0 
0 73 1 1 133 4 0 2 1 2 3 1 2 1 3 1 1 0 0 
0 73 1 1 133 4 0 2 1 2 4 1 2 1 3 1 1 0 0 
0 73 2 1 133 4 1 2 1 0 3 1 0 2 3 0 1 0 0 
0 80 2 1 133 4 1 2 1 0 3 1 0 2 3 0 1 0 0 
0 73 2 1 199 4 1 2 1 0 3 1 0 2 3 0 1 0 0 
0 80 2 1 185 4 1 2 1 0 3 1 0 2 3 0 1 0 0 
0 73 0 1 133 4 1 2 1 2 3 1 2 2 3 0 1 0 0 
0 73 0 1 133 4 1 2 1 0 3 1 2 2 3 0 1 0 0 
0 73 0 1 133 4 2 2 1 2 3 1 2 2 3 0 1 0 0 
0 73 0 1 133 4 1 2 1 0 3 1 2 2 3 1 1 0 0 
0 73 0 1 105 4 1 2 1 0 3 1 2 2 3 1 1 0 0 
0 73 3 1 133 4 2 2 1 2 3 1 2 2 3 0 1 0 0 
0 73 3 1 133 4 2 2 1 0 3 1 2 2 3 0 1 0 0 
0 73 3 1 165 4 2 2 1 0 3 1 2 2 3 0 1 0 0 
0 73 3 1 133 4 2 2 1 0 3 1 2 2 3 0 1 1 0 
0 73 3 1 133 4 2 2 1 0 3 1 0 2 3 0 1 1 0 
0 73 3 1 133 4 2 3 1 0 3 1 0 2 3 0 1 1 0 
0 73 3 1 133 4 2 1 1 0 3 1 0 2 3 0 1 1 0 
0 73 0 1 133 4 1 2 1 1 3 1 2 2 3 0 1 0 0 
0 73 0 1 200 4 1 2 1 1 3 1 2 2 3 0 1 0 0 
0 73 0 1 133 4 0 2 1 2 3 1 2 0 3 2 1 0 1 
0 75 0 1 133 4 0 2 1 2 3 1 2 0 3 2 1 0 1 
0 75 0 1 133 4 0 2 1 2 3 0 2 0 3 2 1 0 1 
0 80 2 1 133 4 0 2 1 0 3 1 0 2 3 0 1 0 0 
0 80 2 1 133 4 0 2 1 0 3 1 0 2 3 3 1 0 0 
0 80 2 1 133 4 0 2 1 0 3 1 0 2 1 3 1 0 0 
0 80 2 1 133 4 0 2 1 0 3 1 0 0 1 3 1 0 0 
0 43 2 1 133 4 1 2 1 2 3 1 0 2 1 1 1 0 0 
0 43 2 1 133 4 1 2 1 2 1 1 0 2 1 1 1 0 0 
0 73 1 1 133 4 0 2 1 0 3 1 2 0 3 1 1 0 0 
1 73 1 1 133 4 0 2 1 0 3 1 2 0 3 1 1 0 0 
0 73 0 1 133 4 0 2 1 2 3 1 2 0 1 1 1 0 0 
0 73 0 1 135 4 0 2 1 2 3 1 2 0 1 1 1 0 0 
0 73 0 1 133 4 0 2 0 2 3 1 2 0 1 1 1 0 0 
0 73 0 1 133 4 0 2 0 2 3 1 0 0 1 1 1 0 0 
0 73 0 1 133 4 0 2 0 2 3 1 1 0 1 1 1 0 0 
0 73 3 1 165 4 2 2 1 0 3 1 2 2 3 2 1 0 0 
0 73 3 1 165 4 2 2 1 0 3 2 2 2 3 2 1 0 0 
0 73 3 1 165 4 2 1 1 0 3 2 2 2 3 2 1 0 0 
0 25 3 1 165 4 2 2 1 0 3 2 2 2 3 2 1 0 0 
0 73 2 1 133 4 2 2 1 2 3 1 2 2 3 0 1 0 0 
0 73 2 1 133 4 2 2 0 2 3 1 2 2 3 0 1 0 0 
0 80 2 1 133 4 1 2 1 2 3 1 0 2 1 1 1 0 0 
0 80 2 1 133 4 1 4 1 2 3 1 0 2 1 1 1 0 0 
2 80 2 1 133 4 1 4 1 2 3 1 0 2 1 1 1 0 0 
2 80 2 1 133 4 1 4 1 2 3 1 0 2 1 1 1 1 0 
0 80 2 1 133 4 1 4 1 2 3 1 0 2 1 1 1 1 0 
0 80 2 5 133 4 1 2 1 2 3 1 0 2 1 1 1 0 0 
0 80 2 0 133 4 1 2 1 2 3 1 0 2 1 1 1 0 0 
0 21 2 9 133 4 0 2 1 2 3 2 2 2 3 0 2 0 0 
0 73 1 1 133 4 0 2 0 2 3 1 1 0 1 1 1 0 0 
1 73 1 1 133 4 0 2 0 2 3 1 1 0 1 1 1 0 0 
1 73 0 1 133 4 0 2 0 2 3 1 1 0 1 1 1 0 0 
1 73 0 1 133 4 0 2 0 2 2 1 1 0 1 1 1 0 0 
1 73 1 1 133 4 0 2 0 2 3 1 1 0 3 1 1 0 0 
1 73 1 1 133 4 0 2 0 2 3 1 0 0 3 1 1 0 0 
1 73 1 1 133 4 0 2 0 2 1 1 0 0 3 1 1 0 0 
1 73 1 1 133 4 0 2 0 2 1 3 0 0 3 1 1 0 0 
1 73 1 1 133 4 0 2 0 2 1 1 0 0 3 1 2 0 0 
1 73 0 1 133 4 0 2 0 2 2 1 0 0 1 1 1 0 0 
2 73 0 1 133 4 0 2 0 2 2 1 0 0 1 1 1 0 0 
2 73 0 1 133 4 0 2 1 2 2 1 0 0 1 1 1 0 0 
