0 1 1 7 40 0 0 4 0 2 4 1 1 0 4 2 2 0 0 
0 4 1 1 41 4 1 3 0 1 3 3 1 2 2 2 2 1 1 
0 4 1 1 41 4 1 3 0 1 3 3 1 2 4 2 2 1 1 
0 4 1 1 41 0 1 3 0 1 3 3 1 2 2 2 2 1 1 
0 4 2 1 41 4 1 3 0 1 3 3 1 2 2 2 2 1 1 
0 4 2 1 41 0 1 3 0 1 3 3 1 2 2 2 2 1 1 
0 22 2 1 41 0 1 3 0 1 3 3 1 2 2 2 2 1 1 
0 22 2 1 7 0 1 3 0 1 3 3 1 2 2 2 2 1 1 
0 22 2 1 7 0 1 3 0 1 3 3 1 0 2 2 2 1 1 
0 22 2 1 1 0 1 3 0 1 3 3 1 0 2 2 2 1 1 
0 22 2 1 1 0 1 3 0 1 3 0 1 0 2 2 2 1 1 
0 22 2 1 1 0 1 3 0 1 3 0 1 0 2 3 2 1 1 
0 22 2 1 1 0 2 3 0 1 3 0 1 0 2 3 2 1 1 
2 22 2 1 1 0 1 3 0 1 3 0 1 0 2 3 2 1 1 
0 22 2 1 1 0 1 3 0 1 3 1 1 0 2 3 2 1 1 
0 22 2 1 1 0 1 3 0 1 3 0 1 0 2 2 2 1 0 
0 22 2 1 1 0 4 3 0 1 3 0 1 0 2 2 2 1 0 
0 22 2 1 1 0 4 3 0 2 3 0 1 0 2 2 2 1 0 
0 22 2 1 1 0 4 3 0 2 3 0 1 1 2 2 2 1 0 
0 1 2 1 1 0 1 3 0 1 3 0 1 0 2 2 2 1 0 
0 22 2 1 1 0 4 3 0 1 3 0 1 0 2 2 1 1 0 
0 22 2 1 1 0 0 3 0 1 3 0 1 0 2 2 1 1 0 
0 22 2 1 1 0 0 3 0 1 3 0 1 0 3 2 1 1 0 
0 22 2 1 1 0 0 3 0 1 3 0 1 0 4 2 1 1 0 
0 22 2 1 1 0 0 3 0 1 3 0 1 0 4 2 1 0 0 
0 22 2 1 1 0 0 3 0 1 3 0 1 2 3 2 1 1 0 
0 22 2 1 1 0 0 3 0 1 3 0 1 2 1 2 1 1 0 
0 22 2 1 1 0 0 3 1 1 3 0 1 2 3 2 1 1 0 
0 22 2 1 1 0 0 3 1 1 3 0 1 2 3 0 1 1 0 
0 22 0 1 1 0 0 3 1 1 3 0 1 2 3 0 1 1 0 
0 22 0 1 1 0 0 3 1 0 3 0 1 2 3 0 1 1 0 
0 22 0 1 1 0 0 3 1 1 3 0 1 0 3 0 1 1 0 
1 22 2 1 7 0 1 3 0 1 3 3 1 2 2 2 2 1 1 
0 22 0 1 1 0 0 3 1 0 4 0 1 2 3 0 1 1 0 
0 22 2 1 1 0 1 3 0 1 3 1 2 0 2 3 2 1 1 
0 22 2 1 1 0 3 3 0 1 3 0 1 0 3 2 1 1 0 
1 22 2 1 1 0 3 3 0 1 3 0 1 0 3 2 1 1 0 
1 22 2 1 1 3 3 3 0 1 3 0 1 0 3 2 1 1 0 
0 22 2 1 1 0 3 3 1 1 3 0 1 0 3 2 1 1 0 
0 22 2 0 1 0 3 3 1 1 3 0 1 0 3 2 1 1 0 
0 22 2 0 1 0 3 3 1 1 1 0 1 0 3 2 1 1 0 
0 22 2 1 1 0 0 3 1 1 3 0 1 0 3 0 1 1 0 
0 4 1 1 41 4 1 3 1 1 3 3 1 2 4 2 2 1 1 
0 4 1 1 41 4 1 3 1 1 3 3 1 2 4 2 1 1 1 
0 4 1 1 41 4 1 3 1 1 1 3 1 2 4 2 1 1 1 
0 4 1 1 41 4 1 3 1 1 1 3 2 2 4 2 1 1 1 
0 4 1 1 41 0 1 3 1 1 3 3 1 2 4 2 1 1 1 
1 4 1 1 41 0 1 3 1 1 3 3 1 2 4 2 1 1 1 
0 22 3 1 1 0 1 3 0 1 3 1 1 0 2 3 2 1 1 
0 22 3 1 1 0 1 3 0 1 3 1 1 0 2 3 2 1 0 
0 22 2 1 1 0 1 3 0 1 1 1 1 0 2 3 2 1 1 
0 22 2 1 1 0 1 3 0 1 1 1 1 0 2 3 1 1 1 
0 4 1 1 41 0 1 3 1 1 3 0 1 2 4 2 1 1 1 
0 4 4 1 41 0 1 3 1 1 3 0 1 2 4 2 1 1 1 
0 4 4 1 41 0 1 1 1 1 3 0 1 2 4 2 1 1 1 
0 4 4 1 41 0 1 2 1 1 3 0 1 2 4 2 1 1 1 
0 4 4 1 41 2 1 2 1 1 3 0 1 2 4 2 1 1 1 
0 4 1 1 41 0 1 3 1 1 1 0 1 2 4 2 1 1 1 
0 22 2 1 1 0 1 3 0 1 1 1 1 0 2 3 2 1 0 
0 22 2 1 1 0 1 3 0 1 1 1 1 0 2 0 2 1 0 
0 22 2 1 1 0 1 3 0 1 1 1 2 0 2 3 2 1 0 
0 4 1 1 41 0 1 3 0 1 3 0 1 2 2 2 2 1 1 
0 4 1 1 41 0 1 3 1 1 3 0 1 2 2 2 2 1 1 
0 4 1 1 41 0 1 3 1 0 3 0 1 2 2 2 2 1 1 
2 4 1 1 41 0 1 3 1 0 3 0 1 2 2 2 2 1 1 
2 4 1 1 35 0 1 3 1 0 3 0 1 2 2 2 2 1 1 
2 4 1 1 35 1 1 3 1 0 3 0 1 2 2 2 2 1 1 
2 4 1 1 35 1 1 3 1 0 3 0 1 2 4 2 2 1 1 
2 4 1 1 35 1 1 3 1 0 3 0 1 2 4 0 2 1 1 
2 4 1 1 41 4 1 3 1 0 3 0 1 2 2 2 2 1 1 
3 4 1 1 35 1 1 3 1 0 3 0 1 2 4 0 2 1 1 
3 4 1 1 35 2 1 3 1 0 3 0 1 2 4 0 2 1 1 
3 4 1 1 35 0 1 3 1 0 3 0 1 2 4 0 2 1 1 
0 4 1 1 41 0 4 3 1 1 3 0 1 2 2 2 2 1 1 
0 4 1 1 41 0 4 3 1 0 3 0 1 2 2 2 2 1 1 
0 4 1 1 41 0 4 3 1 0 3 0 1 2 2 2 2 0 1 
0 48 1 1 41 0 4 3 1 0 3 0 1 2 2 2 2 0 1 
0 48 1 1 41 0 4 3 1 0 3 0 1 2 1 2 2 0 1 
0 48 1 1 41 0 4 3 1 0 4 0 1 2 2 2 2 0 1 
0 48 0 1 41 0 4 3 1 0 3 0 1 2 2 2 2 0 1 
0 48 0 1 41 0 4 3 1 0 3 0 1 0 2 2 2 0 1 
0 48 0 1 41 0 4 3 1 0 3 0 1 0 3 2 2 0 1 
0 48 0 1 41 0 0 3 1 0 3 0 1 0 3 2 2 0 1 
0 48 4 1 41 0 0 3 1 0 3 0 1 0 3 2 2 0 1 
0 48 0 1 41 0 4 3 1 1 3 0 1 0 2 2 2 0 1 
0 48 0 1 41 0 4 3 1 1 3 0 0 0 2 2 2 0 1 
0 48 1 1 41 0 4 3 1 1 3 0 0 0 2 2 2 0 1 
0 48 1 1 41 0 4 3 1 1 3 2 0 0 2 2 2 0 1 
3 48 0 1 41 0 4 3 1 1 3 0 1 0 2 2 2 0 1 
0 48 0 1 41 0 0 1 1 0 3 0 1 0 3 2 2 0 1 
0 48 0 1 41 0 0 1 1 0 3 0 1 0 3 2 2 1 1 
0 48 0 1 41 0 3 1 1 0 3 0 1 0 3 2 2 1 1 
0 48 0 1 41 0 3 1 1 0 3 0 1 0 3 0 2 1 1 
0 48 0 1 41 0 4 3 1 0 4 0 1 2 2 2 2 0 1 
1 48 0 1 41 0 4 3 1 0 4 0 1 2 2 2 2 0 1 
1 48 0 1 41 4 4 3 1 0 4 0 1 2 2 2 2 0 1 
1 48 0 1 41 4 4 3 1 0 4 0 1 2 2 2 1 0 1 
1 48 0 1 41 4 0 3 1 0 4 0 1 2 2 2 1 0 1 
2 48 0 1 41 4 0 3 1 0 4 0 1 2 2 2 1 0 1 
1 48 0 1 41 4 4 3 1 0 4 0 2 2 2 2 1 0 1 
1 48 0 1 41 4 4 3 1 0 4 0 2 2 4 2 1 0 1 
1 48 0 1 41 4 4 3 1 2 4 0 2 2 4 2 1 0 1 
1 48 0 1 41 4 4 3 1 0 4 0 2 0 4 2 1 0 1 
0 48 0 1 41 0 4 3 1 0 3 0 1 0 2 2 1 0 1 
1 48 0 1 41 0 4 3 1 0 3 0 1 0 2 2 1 0 1 
1 48 0 1 41 0 4 3 1 0 3 0 1 0 2 0 1 0 1 
3 48 0 1 41 0 4 3 1 1 3 0 1 0 2 2 2 1 1 
3 48 0 1 41 0 0 3 1 1 3 0 1 0 2 2 2 1 1 
3 48 0 1 41 0 0 3 1 1 3 0 1 2 2 2 2 1 1 
0 48 0 1 41 0 0 3 1 1 3 0 1 2 2 2 2 1 1 
0 48 0 1 41 0 3 1 1 0 3 0 1 0 3 2 2 0 1 
0 48 0 1 41 0 3 1 1 0 3 0 1 2 3 2 2 0 1 
0 48 0 1 41 0 4 3 1 1 3 0 1 0 2 2 1 0 1 
0 48 0 1 41 0 4 3 1 1 3 2 1 0 2 2 1 0 1 
0 48 0 0 41 0 4 3 1 1 3 2 1 0 2 2 1 0 1 
0 48 4 1 41 0 4 3 1 1 3 2 1 0 2 2 1 0 1 
3 48 0 0 41 0 4 3 1 1 3 2 1 0 2 2 1 0 1 
3 48 0 0 41 3 4 3 1 1 3 2 1 0 2 2 1 0 1 
3 48 2 1 41 0 0 3 1 1 3 0 1 0 2 2 2 1 1 
3 48 2 1 41 0 2 3 1 1 3 0 1 0 2 2 2 1 1 
3 48 2 1 41 0 2 3 1 1 3 0 1 0 2 2 2 1 0 
3 48 2 1 41 0 2 1 1 1 3 0 1 0 2 2 2 1 0 
3 48 2 1 41 0 2 1 1 1 3 0 1 2 2 2 2 1 0 
3 48 2 1 41 0 2 4 1 1 3 0 1 0 2 2 2 1 0 
3 48 0 1 41 0 4 2 1 1 3 0 1 0 2 2 2 1 1 
3 48 0 1 41 0 4 2 1 1 3 0 1 0 1 2 2 1 1 
3 48 0 1 41 0 0 2 1 1 3 0 1 0 1 2 2 1 1 
3 48 0 1 41 0 4 2 1 2 3 0 1 0 1 2 2 1 1 
3 48 0 1 41 0 4 2 1 2 3 0 0 0 1 2 2 1 1 
3 48 0 1 41 1 4 2 1 2 3 0 0 0 1 2 2 1 1 
3 48 0 1 41 1 4 2 1 2 3 0 0 0 1 2 2 0 1 
3 48 0 1 41 1 4 2 1 2 3 0 0 0 1 0 2 1 1 
3 48 3 1 41 1 4 2 1 2 3 0 0 0 1 0 2 1 1 
3 48 3 1 45 1 4 2 1 2 3 0 0 0 1 0 2 1 1 
3 48 3 1 45 1 4 2 1 2 3 0 2 0 1 0 2 1 1 
3 48 3 1 45 1 4 2 1 2 3 0 2 0 1 0 2 1 0 
3 48 3 1 45 1 4 2 1 2 1 0 2 0 1 0 2 1 0 
3 48 3 1 45 1 4 1 1 2 3 0 0 0 1 0 2 1 1 
3 48 3 1 45 1 4 4 1 2 3 0 0 0 1 0 2 1 1 
3 48 3 1 45 2 4 4 1 2 3 0 0 0 1 0 2 1 1 
3 48 3 1 45 2 4 4 1 2 3 0 0 0 1 0 1 1 1 
3 48 3 1 37 2 4 4 1 2 3 0 0 0 1 0 1 1 1 
3 48 3 1 45 2 4 4 1 2 4 0 0 0 1 0 2 1 1 
3 48 3 1 45 2 4 4 1 0 4 0 0 0 1 0 2 1 1 
3 48 4 1 45 2 4 4 1 0 4 0 0 0 1 0 2 1 1 
3 48 4 1 45 2 4 4 1 2 4 0 0 0 1 0 2 1 1 
3 47 4 1 45 2 4 4 1 0 4 0 0 0 1 0 2 1 1 
3 47 4 1 45 2 4 4 1 0 4 0 0 0 1 0 2 0 1 
3 47 4 1 45 2 4 4 1 0 4 0 0 0 1 0 2 0 0 
3 48 0 1 45 2 4 4 1 0 4 0 0 0 1 0 2 1 1 
3 48 0 1 45 4 4 4 1 0 4 0 0 0 1 0 2 1 1 
3 48 0 1 45 4 4 1 1 0 4 0 0 0 1 0 2 1 1 
3 48 0 6 45 4 4 1 1 0 4 0 0 0 1 0 2 1 1 
3 48 0 6 45 4 4 1 1 0 4 0 0 0 2 0 2 1 1 
3 48 0 6 45 4 4 1 1 0 4 0 0 0 2 3 2 1 1 
3 48 0 6 45 4 4 1 1 0 4 0 0 2 2 3 2 1 1 
3 35 0 6 45 4 4 1 1 0 4 0 0 2 2 3 2 1 1 
3 35 4 6 45 4 4 1 1 0 4 0 0 2 2 3 2 1 1 
3 35 4 6 9 4 4 1 1 0 4 0 0 2 2 3 2 1 1 
3 35 4 0 9 4 4 1 1 0 4 0 0 2 2 3 2 1 1 
3 48 4 1 45 2 4 4 1 2 1 0 0 0 1 0 2 1 1 
3 48 4 1 45 2 4 4 1 2 1 0 0 0 1 3 2 1 1 
3 43 4 1 45 2 4 4 1 2 1 0 0 0 1 0 2 1 1 
3 43 4 1 45 3 4 4 1 2 1 0 0 0 1 0 2 1 1 
3 43 4 1 45 3 4 1 1 2 1 0 0 0 1 0 2 1 1 
3 48 3 1 45 1 0 1 1 2 3 0 0 0 1 0 2 1 1 
3 48 3 1 45 1 0 1 1 2 3 0 0 2 1 0 2 1 1 
3 48 3 1 45 1 0 1 1 2 3 0 0 0 1 0 1 1 1 
3 48 3 1 45 1 0 3 1 2 3 0 0 2 1 0 2 1 1 
3 48 3 0 45 1 0 3 1 2 3 0 0 2 1 0 2 1 1 
3 48 4 0 45 1 0 3 1 2 3 0 0 2 1 0 2 1 1 
0 48 4 0 45 1 0 3 1 2 3 0 0 2 1 0 2 1 1 
0 48 4 0 45 1 0 1 1 2 3 0 0 2 1 0 2 1 1 
0 48 4 0 45 1 0 2 1 2 3 0 0 2 1 0 2 1 1 
0 48 4 0 45 1 0 2 1 2 3 0 0 0 1 0 2 1 1 
0 48 4 0 37 1 0 2 1 2 3 0 0 0 1 0 2 1 1 
0 48 4 0 37 1 0 2 1 2 3 0 0 0 4 0 2 1 1 
0 48 0 0 45 1 0 3 1 2 3 0 0 2 1 0 2 1 1 
0 48 0 0 45 1 0 3 1 2 1 0 0 2 1 0 2 1 1 
0 48 4 0 37 1 0 2 1 2 3 2 0 0 1 0 2 1 1 
0 48 0 0 45 1 0 3 1 2 1 0 0 0 1 0 2 1 1 
0 48 0 0 41 1 0 3 1 2 1 0 0 0 1 0 2 1 1 
0 48 3 0 41 1 0 3 1 2 1 0 0 0 1 0 2 1 1 
0 48 3 0 41 1 0 3 1 2 1 3 0 0 1 0 2 1 1 
0 48 3 0 41 4 0 3 1 2 1 3 0 0 1 0 2 1 1 
0 48 3 3 41 4 0 3 1 2 1 3 0 0 1 0 2 1 1 
0 48 0 3 41 4 0 3 1 2 1 3 0 0 1 0 2 1 1 
3 43 3 1 45 1 0 1 1 2 3 0 0 0 1 0 2 1 1 
3 43 3 1 45 1 0 1 1 2 3 0 0 2 1 0 2 1 1 
3 43 0 1 45 1 0 1 1 2 3 0 0 0 1 0 2 1 1 
3 43 0 1 45 1 2 1 1 2 3 0 0 0 1 0 2 1 1 
3 43 0 1 45 1 2 1 1 2 3 0 0 0 1 1 2 1 1 
0 48 3 0 59 1 0 3 1 2 1 3 0 0 1 0 2 1 1 
0 48 3 7 59 1 0 3 1 2 1 3 0 0 1 0 2 1 1 
0 48 3 0 65 1 0 3 1 2 1 3 0 0 1 0 2 1 1 
0 31 3 0 65 1 0 3 1 2 1 3 0 0 1 0 2 1 1 
0 31 3 0 65 1 0 3 0 2 1 3 0 0 1 0 2 1 1 
0 29 3 0 65 1 0 3 1 2 1 3 0 0 1 0 2 1 1 
0 31 3 8 65 1 0 3 0 2 1 3 0 0 1 0 2 1 1 
0 48 0 0 41 1 0 3 0 2 1 0 0 0 1 0 2 1 1 
2 48 0 0 41 1 0 3 0 2 1 0 0 0 1 0 2 1 1 
2 48 0 0 41 1 0 3 0 0 1 0 0 0 1 0 2 1 1 
0 31 3 8 1 1 0 3 0 2 1 3 0 0 1 0 2 1 1 
0 31 3 8 1 4 0 3 0 2 1 3 0 0 1 0 2 1 1 
0 31 3 8 1 4 0 3 0 2 2 3 0 0 1 0 2 1 1 
3 43 1 1 45 1 2 1 1 2 3 0 0 0 1 0 2 1 1 
3 43 1 1 45 1 2 1 1 2 3 0 0 0 1 0 1 1 1 
0 43 1 1 45 1 2 1 1 2 3 0 0 0 1 0 1 1 1 
3 49 1 1 45 1 2 1 1 2 3 0 0 0 1 0 2 1 1 
3 43 1 1 41 1 2 1 1 2 3 0 0 0 1 0 1 1 1 
3 48 0 1 45 1 0 3 1 2 3 0 0 2 1 0 2 1 1 
3 48 0 1 45 1 0 3 1 2 3 1 0 2 1 0 2 1 1 
3 48 0 1 45 1 0 3 1 2 3 1 0 0 1 0 2 1 1 
3 48 0 1 45 1 0 1 1 2 3 1 0 0 1 0 2 1 1 
3 48 0 1 45 1 0 1 1 2 3 1 0 2 1 0 2 1 1 
0 48 0 1 45 1 0 3 1 2 3 1 0 0 1 0 2 1 1 
0 48 0 0 45 1 0 3 1 2 3 1 0 0 1 0 2 1 1 
0 48 3 0 45 1 0 3 1 2 3 1 0 0 1 0 2 1 1 
0 21 3 0 45 1 0 3 1 2 3 1 0 0 1 0 2 1 1 
0 48 3 0 45 1 0 3 1 2 3 1 0 0 1 0 2 1 0 
0 48 0 0 45 2 0 3 1 2 3 1 0 0 1 0 2 1 1 
0 48 0 0 45 2 0 3 1 2 3 1 0 0 1 0 2 1 0 
3 48 0 1 49 1 0 1 1 2 3 1 0 2 1 0 2 1 1 
3 6 0 1 49 1 0 1 1 2 3 1 0 2 1 0 2 1 1 
0 48 0 1 49 1 0 1 1 2 3 1 0 2 1 0 2 1 1 
0 48 0 1 49 1 0 1 1 2 3 3 0 2 1 0 2 1 1 
0 48 0 1 49 1 0 1 1 2 1 3 0 2 1 0 2 1 1 
0 48 0 1 49 1 0 1 1 2 1 3 0 2 3 0 2 1 1 
0 48 0 1 49 1 0 1 1 2 1 3 1 2 1 0 2 1 1 
0 48 3 0 45 1 0 3 1 2 3 1 0 0 1 2 2 1 0 
3 48 0 1 45 1 0 1 1 2 3 1 0 2 3 0 2 1 1 
0 48 4 1 41 0 3 1 1 0 3 0 1 2 3 2 2 0 1 
0 48 4 1 41 0 3 1 1 0 3 1 1 2 3 2 2 0 1 
0 48 4 1 41 0 3 1 1 0 3 1 1 2 3 2 2 1 1 
0 1 4 1 41 0 3 1 1 0 3 1 1 2 3 2 2 1 1 
0 48 4 1 41 2 3 1 1 0 3 0 1 2 3 2 2 0 1 
0 48 4 1 41 2 3 1 1 0 3 0 1 2 3 2 1 0 1 
2 48 4 1 41 0 3 1 1 0 3 1 1 2 3 2 2 0 1 
2 1 4 1 41 0 3 1 1 0 3 1 1 2 3 2 2 0 1 
2 1 4 1 41 0 3 1 1 0 3 1 1 2 3 2 2 1 1 
2 48 4 1 41 0 0 1 1 0 3 1 1 2 3 2 2 0 1 
2 1 4 1 41 0 3 1 1 2 3 1 1 2 3 2 2 1 1 
2 48 4 1 41 0 4 1 1 0 3 1 1 2 3 2 2 0 1 
2 48 4 1 41 0 4 1 1 2 3 1 1 2 3 2 2 0 1 
2 1 4 1 41 0 3 1 1 0 3 1 1 2 3 2 2 1 0 
2 1 4 1 41 0 3 1 1 0 3 1 1 0 3 2 2 1 0 
2 1 4 1 41 0 3 1 1 0 3 1 0 0 3 2 2 1 0 
0 1 4 1 41 0 3 1 1 0 3 1 0 0 3 2 2 1 0 
2 48 4 1 41 0 4 4 1 0 3 1 1 2 3 2 2 0 1 
2 48 4 1 41 0 4 4 1 0 3 1 1 2 1 2 2 0 1 
2 21 4 1 41 0 4 1 1 2 3 1 1 2 3 2 2 0 1 
0 56 4 1 41 2 3 1 1 0 3 0 1 2 3 2 1 0 1 
0 56 4 8 41 2 3 1 1 0 3 0 1 2 3 2 1 0 1 
0 56 4 8 41 2 3 1 1 0 3 0 1 2 1 2 1 0 1 
0 56 4 1 41 2 3 1 1 0 3 2 1 2 3 2 1 0 1 
0 56 4 7 41 2 3 1 1 0 3 2 1 2 3 2 1 0 1 
0 56 4 1 41 2 3 2 1 0 3 2 1 2 3 2 1 0 1 
2 48 4 1 73 0 4 4 1 0 3 1 1 2 1 2 2 0 1 
2 48 4 1 73 0 4 4 1 0 3 1 1 2 1 2 2 1 1 
2 48 4 1 73 0 4 4 1 0 3 3 1 2 1 2 2 1 1 
2 48 4 1 73 0 4 4 1 0 3 1 1 2 1 2 1 0 1 
2 48 4 1 73 0 4 4 1 0 3 1 2 2 1 2 2 1 1 
2 21 4 1 73 0 4 4 1 0 3 1 2 2 1 2 2 1 1 
0 48 4 1 73 0 4 4 1 0 3 1 1 2 1 2 1 0 1 
2 48 4 1 41 3 4 4 1 0 3 1 1 2 1 2 2 0 1 
2 48 4 6 41 3 4 4 1 0 3 1 1 2 1 2 2 0 1 
2 1 4 6 41 3 4 4 1 0 3 1 1 2 1 2 2 0 1 
2 21 4 1 7 0 4 1 1 2 3 1 1 2 3 2 2 0 1 
2 21 4 1 7 0 4 1 1 2 3 1 1 0 3 2 2 0 1 
2 1 4 1 41 0 3 1 1 0 1 1 1 2 3 2 2 1 0 
0 48 0 0 45 1 0 3 1 2 3 1 0 0 1 1 2 1 1 
0 48 0 0 45 0 0 3 1 2 3 1 0 0 1 1 2 1 1 
0 48 0 0 45 3 0 3 1 2 3 1 0 0 1 1 2 1 1 
0 48 0 0 45 0 0 3 1 2 3 1 0 0 1 0 2 1 1 
3 48 0 0 45 3 0 3 1 2 3 1 0 0 1 1 2 1 1 
0 48 0 0 45 0 0 3 1 2 3 1 0 0 1 0 1 1 1 
3 48 3 1 45 1 4 4 1 2 3 1 0 0 1 0 2 1 1 
3 48 3 3 45 1 4 4 1 2 3 1 0 0 1 0 2 1 1 
3 35 3 3 45 1 4 4 1 2 3 1 0 0 1 0 2 1 1 
3 51 3 3 45 1 4 4 1 2 3 1 0 0 1 0 2 1 1 
3 51 3 3 45 1 4 4 1 2 3 0 0 0 1 0 2 1 1 
3 51 3 3 45 1 4 4 1 2 3 0 0 2 1 0 2 1 1 
3 51 3 3 45 2 4 4 1 2 3 0 0 2 1 0 2 1 1 
3 51 3 3 45 3 4 4 1 2 3 0 0 2 1 0 2 1 1 
3 51 3 3 45 3 4 4 1 2 3 0 0 0 1 0 2 1 1 
3 51 3 3 45 3 4 4 1 2 4 0 0 0 1 0 2 1 1 
3 51 3 3 45 3 4 4 1 2 4 0 0 0 1 0 2 0 1 
3 51 3 3 45 2 4 4 1 2 3 1 0 2 1 0 2 1 1 
3 31 3 3 45 2 4 4 1 2 3 1 0 2 1 0 2 1 1 
3 31 3 3 45 2 0 4 1 2 3 1 0 2 1 0 2 1 1 
3 51 3 3 45 2 4 1 1 2 3 1 0 2 1 0 2 1 1 
3 51 3 3 74 2 4 1 1 2 3 1 0 2 1 0 2 1 1 
3 51 3 3 45 2 4 1 1 2 3 1 0 2 1 1 2 1 1 
3 51 3 3 45 0 4 4 1 2 3 0 0 0 1 0 2 1 1 
0 51 3 3 45 1 4 4 1 2 3 1 0 0 1 0 2 1 1 
0 51 3 3 45 4 4 4 1 2 3 1 0 0 1 0 2 1 1 
3 51 3 3 45 4 4 4 1 2 3 1 0 0 1 0 2 1 1 
3 51 3 3 45 4 4 4 1 2 3 0 0 0 1 0 2 1 1 
3 51 3 3 45 4 4 4 1 2 3 0 0 0 1 2 2 1 1 
3 51 3 3 45 4 4 4 1 2 3 0 0 0 1 2 1 1 1 
0 51 3 3 45 4 0 4 1 2 3 1 0 0 1 0 2 1 1 
0 51 0 3 45 4 0 4 1 2 3 1 0 0 1 0 2 1 1 
0 51 0 3 45 4 0 4 1 2 3 1 0 0 1 2 2 1 1 
0 51 3 3 45 4 4 4 1 2 3 1 0 0 2 0 2 1 1 
0 51 3 3 45 4 4 4 1 2 3 1 0 0 2 0 2 1 0 
0 63 3 3 45 4 4 4 1 2 3 1 0 0 2 0 2 1 0 
0 63 3 3 45 4 4 4 1 2 1 1 0 0 2 0 2 1 0 
0 63 3 3 45 4 4 4 1 0 1 1 0 0 2 0 2 1 0 
0 63 3 3 45 4 4 4 1 0 1 1 0 0 1 0 2 1 0 
0 51 3 3 45 4 4 4 1 2 3 1 0 0 1 0 2 1 0 
0 51 4 3 45 4 4 4 1 2 3 1 0 0 1 0 2 1 0 
0 51 4 3 45 4 4 4 1 2 3 1 0 0 1 0 2 0 0 
0 51 4 3 45 4 0 4 1 2 3 1 0 0 1 0 2 0 0 
0 51 3 3 45 4 4 1 1 2 3 1 0 0 1 0 2 1 0 
0 51 3 3 45 4 4 1 1 2 3 1 0 0 3 0 2 1 0 
0 51 3 3 45 4 4 4 1 2 3 1 0 0 2 0 1 1 1 
0 51 3 3 45 4 4 4 1 2 3 1 0 0 2 3 1 1 1 
0 51 3 3 45 0 4 4 1 2 3 1 0 0 2 3 1 1 1 
0 51 3 3 45 4 4 4 1 2 3 1 0 0 3 3 1 1 1 
0 51 3 3 45 4 4 4 1 2 3 1 0 0 3 3 1 0 1 
2 51 3 3 45 4 4 4 1 2 3 1 0 0 3 3 1 0 1 
2 51 3 3 45 4 4 4 1 2 3 1 0 2 3 3 1 0 1 
0 51 0 3 45 0 4 4 1 2 3 1 0 0 2 3 1 1 1 
0 51 0 3 45 0 4 4 1 0 3 1 0 0 2 3 1 1 1 
0 51 0 3 45 0 4 4 1 0 3 1 0 0 3 3 1 1 1 
0 51 0 3 45 0 4 4 1 2 3 2 0 0 2 3 1 1 1 
1 51 0 3 45 0 4 4 1 0 3 1 0 0 3 3 1 1 1 
1 51 3 3 45 4 4 4 1 2 3 1 0 0 3 3 1 1 1 
1 55 3 3 45 4 4 4 1 2 3 1 0 0 3 3 1 1 1 
1 55 3 3 45 4 4 4 1 2 3 1 0 2 3 3 1 1 1 
1 11 3 3 45 4 4 4 1 2 3 1 0 2 3 3 1 1 1 
1 11 3 3 45 0 4 4 1 2 3 1 0 2 3 3 1 1 1 
1 11 0 3 45 0 4 4 1 2 3 1 0 2 3 3 1 1 1 
1 11 0 3 45 0 4 4 1 2 3 1 0 2 4 3 1 1 1 
1 11 0 3 45 4 4 4 1 2 3 1 0 2 4 3 1 1 1 
1 47 3 3 45 4 4 4 1 2 3 1 0 2 3 3 1 1 1 
1 51 0 3 45 4 4 4 1 0 3 1 0 0 3 3 1 1 1 
1 51 0 3 45 0 4 4 1 0 3 1 0 0 3 3 2 1 1 
0 51 0 3 45 4 4 4 1 2 3 1 0 0 3 3 1 1 1 
0 51 0 3 45 4 4 4 1 2 3 1 1 0 3 3 1 1 1 
1 11 0 3 45 0 4 4 1 2 1 1 0 2 3 3 1 1 1 
1 11 2 3 45 0 4 4 1 2 1 1 0 2 3 3 1 1 1 
1 66 2 3 45 0 4 4 1 2 1 1 0 2 3 3 1 1 1 
1 11 0 3 45 0 4 1 1 2 1 1 0 2 3 3 1 1 1 
0 51 0 3 45 0 4 4 1 2 3 1 1 0 3 3 1 1 1 
0 51 3 3 45 4 4 4 1 0 3 1 0 0 2 0 1 1 1 
0 51 3 5 45 4 4 4 1 0 3 1 0 0 2 0 1 1 1 
0 51 3 5 45 4 4 4 1 0 4 1 0 0 2 0 1 1 1 
0 51 3 0 45 4 4 4 1 0 4 1 0 0 2 0 1 1 1 
0 51 3 0 45 0 4 4 1 0 4 1 0 0 2 0 1 1 1 
0 51 3 0 45 0 4 4 1 0 4 1 0 0 3 0 1 1 1 
0 51 3 0 45 2 4 4 1 0 4 1 0 0 2 0 1 1 1 
0 51 3 0 45 2 4 4 0 0 4 1 0 0 2 0 1 1 1 
0 51 3 0 45 2 4 4 0 0 4 1 0 0 2 0 2 1 1 
0 51 3 0 45 0 4 4 1 0 4 1 1 0 2 0 1 1 1 
0 51 3 0 45 0 4 4 1 0 4 0 1 0 2 0 1 1 1 
0 51 3 0 45 0 4 4 1 0 4 2 1 0 2 0 1 1 1 
0 1 3 0 45 0 4 4 1 0 4 0 1 0 2 0 1 1 1 
0 51 3 0 45 2 4 4 0 0 1 1 0 0 2 0 2 1 1 
1 51 3 0 45 2 4 4 0 0 1 1 0 0 2 0 2 1 1 
0 51 3 3 45 0 4 4 1 2 3 1 0 0 3 3 1 0 1 
0 51 0 3 45 0 4 4 1 2 3 1 0 0 3 3 1 0 1 
0 51 3 3 45 0 4 4 1 2 3 1 0 0 3 0 1 0 1 
0 51 3 3 45 3 4 4 1 2 3 1 0 0 3 0 1 0 1 
0 51 3 3 45 3 0 4 1 2 3 1 0 0 3 0 1 0 1 
0 51 3 3 45 3 0 4 1 2 3 1 0 0 3 0 1 1 1 
0 51 3 3 45 3 0 4 1 2 1 1 0 0 3 0 1 0 1 
0 51 3 3 45 3 0 4 1 2 1 1 0 0 3 2 1 0 1 
0 51 3 3 43 3 0 4 1 2 1 1 0 0 3 2 1 0 1 
0 51 3 3 43 3 0 4 1 2 1 1 0 0 1 2 1 0 1 
0 51 3 3 45 0 4 4 1 2 3 1 0 0 3 1 1 0 1 
0 51 3 3 45 0 4 4 1 2 3 1 0 0 4 1 1 0 1 
0 51 3 3 45 0 4 4 1 2 3 1 0 1 4 1 1 0 1 
0 51 3 3 45 0 4 4 1 2 3 0 0 1 4 1 1 0 1 
0 51 3 3 200 3 0 4 1 2 1 1 0 0 1 2 1 0 1 
1 66 4 3 45 0 4 4 1 2 1 1 0 2 3 3 1 1 1 
1 66 4 3 45 0 4 4 1 0 1 1 0 2 3 3 1 1 1 
0 51 0 3 45 4 0 4 1 2 4 1 0 0 1 2 2 1 1 
0 13 0 3 45 4 0 4 1 2 4 1 0 0 1 2 2 1 1 
0 51 0 3 45 2 0 4 1 2 4 1 0 0 1 2 2 1 1 
0 51 0 0 45 4 4 4 1 2 3 1 1 0 3 3 1 1 1 
0 51 3 3 45 0 4 4 1 2 3 1 0 0 3 3 1 1 1 
0 51 3 3 45 0 4 4 1 2 3 1 0 0 1 3 1 1 1 
0 51 0 3 45 0 4 4 1 2 3 1 0 0 1 3 1 1 1 
0 51 0 3 45 0 4 4 1 2 3 1 0 0 1 0 1 1 1 
0 51 3 3 45 0 4 4 1 2 3 2 0 0 1 3 1 1 1 
0 51 3 3 41 3 0 4 1 2 3 1 0 0 3 0 1 1 1 
0 51 3 3 41 0 0 4 1 2 3 1 0 0 3 0 1 1 1 
0 51 3 5 41 0 0 4 1 2 3 1 0 0 3 0 1 1 1 
0 51 3 3 41 0 0 4 1 2 3 1 0 0 3 2 1 1 1 
0 51 0 3 41 0 0 4 1 2 3 1 0 0 3 2 1 1 1 
0 51 3 3 45 0 4 1 1 2 3 1 0 0 3 1 1 0 1 
0 51 3 3 45 0 4 1 1 2 3 1 0 0 3 1 1 0 0 
0 51 3 3 45 0 4 1 1 2 3 1 0 0 3 0 1 0 0 
0 51 3 3 45 0 4 1 1 2 3 1 2 0 3 0 1 0 0 
0 51 3 3 45 0 4 1 1 2 1 1 2 0 3 0 1 0 0 
0 51 3 3 45 0 4 1 1 2 1 1 2 0 3 2 1 0 0 
0 51 3 3 45 0 4 1 1 2 3 0 0 0 3 0 1 0 0 
2 51 3 3 45 0 4 1 1 2 3 1 2 0 3 0 1 0 0 
2 51 3 3 45 0 0 1 1 2 3 1 2 0 3 0 1 0 0 
2 51 3 3 45 0 0 1 1 2 1 1 2 0 3 0 1 0 0 
0 51 3 3 45 0 0 1 1 2 3 0 0 0 3 0 1 0 0 
0 51 3 3 45 0 0 4 1 2 3 1 0 0 3 0 1 1 1 
0 1 3 3 45 0 0 4 1 2 3 1 0 0 3 0 1 1 1 
0 51 3 3 45 4 4 4 1 1 3 1 0 0 2 0 1 1 1 
0 51 3 0 45 4 4 4 1 1 3 1 0 0 2 0 1 1 1 
0 51 3 2 45 4 4 4 1 1 3 1 0 0 2 0 1 1 1 
0 1 3 2 45 4 4 4 1 1 3 1 0 0 2 0 1 1 1 
0 51 0 2 45 4 4 4 1 1 3 1 0 0 2 0 1 1 1 
0 51 0 2 45 4 4 4 1 1 3 1 0 1 2 0 1 1 1 
0 51 0 2 45 4 4 4 1 1 3 1 1 1 2 0 1 1 1 
0 51 0 2 45 4 4 4 1 1 3 1 2 1 2 0 1 1 1 
0 56 0 2 45 4 4 4 1 1 3 1 2 1 2 0 1 1 1 
0 51 0 2 45 4 4 4 1 1 3 1 1 1 2 0 2 1 1 
0 51 0 2 45 4 4 4 1 1 3 0 1 1 2 0 2 1 1 
0 51 4 2 45 4 4 4 1 1 3 1 1 1 2 0 2 1 1 
0 51 4 2 45 4 4 4 1 1 3 1 1 1 3 0 2 1 1 
0 51 4 2 45 4 4 4 1 1 3 1 1 2 3 0 2 1 1 
0 55 0 2 45 4 4 4 1 1 3 0 1 1 2 0 2 1 1 
1 51 3 3 45 0 4 4 1 2 3 1 0 0 3 0 1 0 1 
1 51 3 0 45 0 4 4 1 2 3 1 0 0 3 0 1 0 1 
1 55 3 3 45 4 4 4 1 2 3 0 0 2 3 3 1 1 1 
0 51 0 3 45 0 4 4 1 2 3 1 0 0 3 3 2 0 1 
0 51 0 3 45 0 4 4 1 2 3 1 0 2 3 3 2 0 1 
0 51 3 3 45 0 4 4 1 2 3 1 0 0 1 0 2 1 0 
0 51 3 0 45 2 4 1 0 0 4 1 0 0 2 0 2 1 1 
1 51 3 0 45 0 4 4 1 2 1 1 0 0 3 0 1 0 1 
1 51 3 0 45 0 4 4 1 2 1 1 0 1 3 0 1 0 1 
0 51 0 3 45 4 4 4 1 2 3 1 1 2 3 3 1 1 1 
1 55 0 2 45 4 4 4 1 1 3 0 1 1 2 0 2 1 1 
2 1 3 0 45 0 4 4 1 0 4 0 1 0 2 0 1 1 1 
2 1 3 0 45 0 4 4 1 0 4 0 1 0 1 0 1 1 1 
2 1 3 0 45 0 4 4 1 0 4 0 1 1 1 0 1 1 1 
2 1 3 0 45 3 4 4 1 0 4 0 1 1 1 0 1 1 1 
1 51 3 3 45 0 4 4 1 2 3 1 0 0 3 0 2 0 1 
1 51 3 3 45 0 4 4 1 2 4 1 0 0 3 0 2 0 1 
1 51 3 3 31 0 4 4 1 2 4 1 0 0 3 0 2 0 1 
1 51 3 3 31 0 4 4 1 0 4 1 0 0 3 0 2 0 1 
1 57 3 3 45 0 4 4 1 2 3 1 0 0 3 0 2 0 1 
0 51 0 2 45 4 4 4 1 1 1 1 1 1 2 0 2 1 1 
0 51 0 2 45 4 4 4 1 2 1 1 1 1 2 0 2 1 1 
0 51 0 2 45 4 4 4 1 0 1 1 1 1 2 0 2 1 1 
0 51 0 2 45 4 4 4 1 0 4 1 1 1 2 0 2 1 1 
0 51 0 2 45 4 4 1 1 2 1 1 1 1 2 0 2 1 1 
0 51 0 2 45 4 4 1 1 2 1 1 1 0 2 0 2 1 1 
0 51 0 2 45 4 4 1 1 2 1 1 2 0 2 0 2 1 1 
3 51 0 2 45 4 4 1 1 2 1 1 2 0 2 0 2 1 1 
3 51 0 2 45 4 4 1 1 2 1 1 2 0 2 0 1 1 1 
0 51 0 2 45 4 4 1 1 2 4 1 1 0 2 0 2 1 1 
0 51 0 2 45 4 0 4 1 2 1 1 1 1 2 0 2 1 1 
0 51 0 2 45 0 4 1 1 2 1 1 1 1 2 0 2 1 1 
1 51 0 2 45 0 4 1 1 2 1 1 1 1 2 0 2 1 1 
1 51 0 2 45 0 4 1 1 2 1 0 1 1 2 0 2 1 1 
1 51 0 2 45 0 4 4 1 2 1 0 1 1 2 0 2 1 1 
1 51 0 2 45 0 4 4 1 2 1 0 1 2 2 0 2 1 1 
1 51 0 2 45 4 4 4 1 2 1 0 1 2 2 0 2 1 1 
1 51 0 2 45 4 4 4 1 2 1 0 1 2 2 0 1 1 1 
1 51 4 2 45 4 4 4 1 2 1 0 1 2 2 0 1 1 1 
1 51 4 2 45 4 4 4 1 2 1 0 1 0 2 0 1 1 1 
1 51 4 2 45 0 4 4 1 2 1 0 1 0 2 0 1 1 1 
1 51 4 2 45 0 4 4 1 2 1 0 0 0 2 0 1 1 1 
1 51 4 2 45 0 4 4 1 2 1 0 0 0 2 0 1 0 1 
1 51 4 2 45 0 0 4 1 2 1 0 0 0 2 0 1 1 1 
2 51 0 2 45 0 4 1 1 2 1 0 1 1 2 0 2 1 1 
2 51 0 2 45 0 4 1 1 2 1 0 1 1 2 3 2 1 1 
2 51 0 2 45 4 4 1 1 2 1 0 1 1 2 3 2 1 1 
2 51 0 2 45 4 4 1 1 2 1 0 1 2 2 3 2 1 1 
2 51 4 2 45 4 4 1 1 2 1 0 1 2 2 3 2 1 1 
2 51 4 2 45 4 4 1 1 2 1 0 1 2 2 3 2 0 1 
2 51 4 2 45 4 4 1 1 2 1 2 1 2 2 3 2 0 1 
2 51 0 0 45 4 4 1 1 2 1 0 1 1 2 3 2 1 1 
2 51 0 0 45 4 4 1 1 2 1 2 1 1 2 3 2 1 1 
2 47 4 2 45 4 4 1 1 2 1 2 1 2 2 3 2 0 1 
2 47 4 2 45 4 4 1 1 2 1 2 1 2 2 3 2 1 1 
2 47 4 2 45 4 4 1 1 2 1 0 1 2 2 3 2 1 1 
0 47 4 2 45 4 4 1 1 2 1 2 1 2 2 3 2 1 1 
0 47 4 2 45 4 0 1 1 2 1 2 1 2 2 3 2 1 1 
0 47 4 2 45 4 4 3 1 2 1 2 1 2 2 3 2 1 1 
0 47 4 2 45 4 0 4 1 2 1 2 1 2 2 3 2 1 1 
0 1 4 2 45 4 0 4 1 2 1 2 1 2 2 3 2 1 1 
2 51 4 2 45 4 4 1 1 2 1 2 1 2 2 0 2 0 1 
2 51 4 2 45 4 4 1 1 2 1 2 2 2 2 3 2 0 1 
2 51 0 2 45 4 4 1 1 2 1 2 2 2 2 3 2 0 1 
0 51 0 2 45 4 4 1 1 2 1 2 2 2 2 3 2 0 1 
1 51 4 2 45 0 4 4 0 2 1 0 0 0 2 0 1 0 1 
1 51 0 2 45 0 4 4 0 2 1 0 0 0 2 0 1 0 1 
2 51 4 2 45 0 4 4 0 2 1 0 0 0 2 0 1 0 1 
3 51 4 2 45 0 4 4 0 2 1 0 0 0 2 0 1 0 1 
2 51 4 2 45 0 4 4 0 2 1 0 0 0 3 0 1 0 1 
2 51 4 2 45 3 4 4 0 2 1 0 0 0 2 0 1 0 1 
0 51 4 2 45 0 4 4 0 2 1 0 0 0 3 0 1 0 1 
0 55 4 2 45 0 4 4 0 2 1 0 0 0 3 0 1 0 1 
1 51 4 2 45 0 4 1 0 2 1 0 0 0 2 0 1 0 1 
1 62 4 2 45 0 4 1 0 2 1 0 0 0 2 0 1 0 1 
1 62 4 2 45 0 4 1 0 0 1 0 0 0 2 0 1 0 1 
1 62 4 8 45 0 4 1 0 0 1 0 0 0 2 0 1 0 1 
0 62 4 8 45 0 4 1 0 0 1 0 0 0 2 0 1 0 1 
1 62 4 2 45 0 4 1 0 0 1 0 0 0 1 0 1 0 1 
1 62 4 2 45 0 4 1 0 0 1 3 0 0 1 0 1 0 1 
3 51 4 2 45 3 4 4 0 2 1 0 0 0 2 0 1 0 1 
0 51 4 2 45 3 4 4 0 2 1 0 0 0 2 0 1 0 1 
0 51 4 2 45 3 4 4 0 2 1 0 0 0 3 0 1 0 1 
0 51 0 2 45 3 4 4 0 2 1 0 0 0 3 0 1 0 1 
0 51 0 2 45 3 4 4 0 2 1 1 0 0 3 0 1 0 1 
0 51 0 2 45 3 4 4 0 0 1 1 0 0 3 0 1 0 1 
0 51 0 2 45 3 4 4 0 2 3 1 0 0 3 0 1 0 1 
0 51 0 2 45 3 0 4 0 2 3 1 0 0 3 0 1 0 1 
0 51 0 2 45 3 4 1 0 2 1 0 0 0 3 0 1 0 1 
0 47 4 2 105 4 0 1 1 2 1 2 1 2 2 3 2 1 1 
0 49 4 2 105 4 0 1 1 2 1 2 1 2 2 3 2 1 1 
0 51 4 2 45 0 4 4 0 2 1 1 0 0 3 0 1 0 1 
2 47 4 2 45 0 4 1 1 2 1 2 1 2 2 3 2 0 1 
2 51 0 2 45 4 4 1 1 2 1 0 1 2 2 3 2 1 0 
0 51 0 2 45 3 4 4 0 2 3 3 0 0 3 0 1 0 1 
0 51 0 2 45 3 4 4 0 2 3 3 0 2 3 0 1 0 1 
0 51 0 2 45 3 4 4 0 2 3 3 2 2 3 0 1 0 1 
0 51 0 2 45 3 4 1 0 2 3 3 2 2 3 0 1 0 1 
0 51 0 2 45 3 4 1 0 2 3 3 2 2 1 0 1 0 1 
2 51 0 2 45 3 4 1 0 2 3 3 2 2 1 0 1 0 1 
2 51 0 2 45 0 4 1 0 2 3 3 2 2 1 0 1 0 1 
2 51 0 2 45 0 4 1 0 2 3 3 0 2 1 0 1 0 1 
2 51 0 2 45 0 4 1 0 2 1 3 0 2 1 0 1 0 1 
2 51 2 2 45 0 4 1 0 2 1 3 0 2 1 0 1 0 1 
0 51 0 2 45 3 4 1 0 2 3 3 0 2 3 0 1 0 1 
0 51 0 2 45 3 4 1 0 2 3 3 0 0 3 0 1 0 1 
0 51 0 2 45 3 4 1 0 2 3 3 0 2 3 0 1 1 1 
0 51 0 2 71 3 4 4 0 2 3 3 0 2 3 0 1 0 1 
1 51 4 2 45 0 0 4 1 0 1 0 0 0 2 0 1 1 1 
1 51 4 2 45 0 2 4 1 0 1 0 0 0 2 0 1 1 1 
1 51 4 2 45 0 3 4 1 0 1 0 0 0 2 0 1 1 1 
3 51 4 2 45 0 2 4 1 0 1 0 0 0 2 0 1 1 1 
1 51 4 2 45 0 3 4 1 0 1 0 0 0 2 0 2 1 1 
1 47 4 2 45 4 4 3 1 2 1 2 1 2 2 3 2 1 1 
1 47 4 2 45 4 4 3 1 2 3 2 1 2 2 3 2 1 1 
3 51 4 2 45 4 4 1 1 2 1 2 1 2 2 3 2 0 1 
2 51 0 2 71 0 4 1 0 2 1 3 0 2 1 0 1 0 1 
2 51 0 0 71 0 4 1 0 2 1 3 0 2 1 0 1 0 1 
2 51 2 0 71 0 4 1 0 2 1 3 0 2 1 0 1 0 1 
2 80 2 0 71 0 4 1 0 2 1 3 0 2 1 0 1 0 1 
2 51 2 0 71 4 4 1 0 2 1 3 0 2 1 0 1 0 1 
2 51 2 0 71 4 4 1 0 2 1 3 0 2 2 0 1 0 1 
2 51 2 0 71 4 4 1 0 2 1 0 0 2 2 0 1 0 1 
2 73 2 0 71 4 4 1 0 2 1 0 0 2 2 0 1 0 1 
2 78 2 0 71 4 4 1 0 2 1 0 0 2 2 0 1 0 1 
2 6 2 0 71 4 4 1 0 2 1 0 0 2 2 0 1 0 1 
2 29 2 0 71 4 4 1 0 2 1 0 0 2 2 0 1 0 1 
2 29 2 0 71 4 4 1 0 2 1 2 0 2 2 0 1 0 1 
2 78 2 0 71 4 4 1 0 2 3 0 0 2 2 0 1 0 1 
2 78 2 0 71 4 0 1 0 2 3 0 0 2 2 0 1 0 1 
2 80 4 0 71 0 4 1 0 2 1 3 0 2 1 0 1 0 1 
2 37 4 0 71 0 4 1 0 2 1 3 0 2 1 0 1 0 1 
2 37 4 0 71 0 4 1 0 2 1 3 0 2 1 3 1 0 1 
2 29 2 0 71 4 4 1 0 2 1 0 0 2 2 1 1 0 1 
2 79 2 0 71 4 4 1 0 2 1 0 0 2 2 1 1 0 1 
2 79 2 0 71 4 0 1 0 2 1 0 0 2 2 1 1 0 1 
2 79 2 0 71 4 4 1 0 2 1 0 0 2 2 0 1 0 1 
2 29 2 10 71 4 4 1 0 2 1 0 0 2 2 1 1 0 1 
2 37 4 0 25 0 4 1 0 2 1 3 0 2 1 3 1 0 1 
2 37 4 0 25 0 4 1 0 2 1 3 0 2 1 3 1 1 1 
2 37 4 0 25 0 4 1 0 2 1 3 0 0 1 3 1 1 1 
2 1 4 0 25 0 4 1 0 2 1 3 0 0 1 3 1 1 1 
2 1 2 0 71 4 0 1 0 2 1 0 0 2 2 1 1 0 1 
2 1 2 0 61 4 0 1 0 2 1 0 0 2 2 1 1 0 1 
3 78 2 0 71 4 4 1 0 2 3 0 0 2 2 0 1 0 1 
0 47 0 2 45 4 0 1 1 2 1 2 1 2 2 3 2 1 1 
2 51 0 0 45 4 4 1 1 2 1 2 1 1 4 3 2 1 1 
2 51 0 0 45 4 4 1 1 0 1 2 1 1 4 3 2 1 1 
2 51 1 0 45 4 4 1 1 0 1 2 1 1 4 3 2 1 1 
2 51 4 0 45 4 4 1 1 0 1 2 1 1 4 3 2 1 1 
2 43 4 0 45 4 4 1 1 0 1 2 1 1 4 3 2 1 1 
2 6 4 0 45 4 4 1 1 0 1 2 1 1 4 3 2 1 1 
2 6 4 0 45 4 4 1 1 0 1 2 2 1 4 3 2 1 1 
2 6 4 0 45 4 4 1 0 0 1 2 1 1 4 3 2 1 1 
2 6 4 0 45 4 4 2 1 0 1 2 2 1 4 3 2 1 1 
2 43 4 0 45 4 4 1 1 0 3 2 1 1 4 3 2 1 1 
2 47 4 0 45 4 4 1 1 0 3 2 1 1 4 3 2 1 1 
2 6 4 0 45 0 4 2 1 0 1 2 2 1 4 3 2 1 1 
2 6 4 0 45 0 4 4 1 0 1 2 2 1 4 3 2 1 1 
2 51 1 0 45 0 4 1 1 0 1 2 1 1 4 3 2 1 1 
0 47 4 0 45 4 4 1 1 0 3 2 1 1 4 3 2 1 1 
1 51 0 2 45 4 4 1 1 2 1 0 1 2 2 0 1 1 1 
0 51 0 2 45 4 4 1 1 2 1 0 1 2 2 0 1 1 1 
2 51 0 2 45 4 4 1 1 2 1 0 1 2 2 0 1 1 1 
2 51 0 0 45 4 4 1 1 2 1 0 1 2 2 0 1 1 1 
1 51 0 2 45 4 4 1 1 2 1 0 1 2 3 0 1 1 1 
1 51 0 2 45 4 4 2 1 2 1 0 1 2 3 0 1 1 1 
2 51 0 0 45 4 4 1 1 2 1 0 1 0 2 0 1 1 1 
2 51 0 0 45 4 4 1 1 2 1 1 1 0 2 0 1 1 1 
2 51 0 0 45 4 4 1 1 2 1 1 1 0 2 1 1 1 1 
2 51 0 0 45 4 4 3 1 2 1 1 1 0 2 1 1 1 1 
2 51 1 0 45 4 4 3 1 2 1 1 1 0 2 1 1 1 1 
2 51 1 0 45 4 4 3 1 2 1 1 1 2 2 1 1 1 1 
2 51 1 0 45 4 4 3 1 2 1 1 0 2 2 1 1 1 1 
2 51 1 0 45 4 4 3 1 2 1 3 0 2 2 1 1 1 1 
2 51 1 0 47 4 4 3 1 2 1 3 0 2 2 1 1 1 1 
2 51 1 0 47 4 4 3 1 2 1 3 2 2 2 1 1 1 1 
2 11 1 0 47 4 4 3 1 2 1 3 2 2 2 1 1 1 1 
0 51 1 0 47 4 4 3 1 2 1 3 0 2 2 1 1 1 1 
2 51 2 0 45 4 4 3 1 2 1 1 0 2 2 1 1 1 1 
2 51 2 0 45 4 4 3 1 2 1 1 2 2 2 1 1 1 1 
2 51 4 0 45 4 4 3 1 2 1 1 2 2 2 1 1 1 1 
2 51 0 0 45 4 4 3 1 2 1 1 2 2 2 1 1 1 1 
2 31 0 0 45 4 4 3 1 2 1 1 2 2 2 1 1 1 1 
2 31 0 0 41 4 4 3 1 2 1 1 2 2 2 1 1 1 1 
2 51 4 0 45 0 4 3 1 2 1 1 2 2 2 1 1 1 1 
0 51 0 2 45 0 0 4 0 2 3 1 0 0 3 0 1 0 1 
0 57 0 2 45 0 0 4 0 2 3 1 0 0 3 0 1 0 1 
0 51 0 2 45 3 4 4 0 2 3 0 2 2 3 0 1 0 1 
0 51 0 2 45 3 4 4 0 2 3 0 0 2 3 0 1 0 1 
0 51 0 2 45 3 4 4 0 2 1 0 2 2 3 0 1 0 1 
0 51 0 2 45 3 4 4 0 2 1 0 0 2 3 0 1 0 1 
0 51 0 2 45 3 4 4 0 2 1 0 2 2 3 1 1 0 1 
0 51 0 2 45 3 4 4 1 2 1 0 2 2 3 1 1 0 1 
0 51 4 2 45 3 4 4 1 2 1 0 2 2 3 1 1 0 1 
0 51 4 2 45 3 4 4 0 2 1 0 2 2 3 1 1 0 1 
0 51 4 2 45 3 4 4 0 2 3 0 2 2 3 1 1 0 1 
0 51 0 2 45 3 4 4 0 2 3 0 2 2 3 1 1 0 1 
0 51 0 2 45 3 4 4 1 2 1 0 2 0 3 1 1 0 1 
0 51 0 2 45 3 0 4 0 2 3 0 2 2 3 1 1 0 1 
0 29 0 2 45 3 0 4 0 2 3 0 2 2 3 1 1 0 1 
0 51 2 2 45 3 0 4 0 2 3 0 2 2 3 1 1 0 1 
0 51 3 2 45 3 0 4 0 2 3 0 2 2 3 1 1 0 1 
0 51 3 2 45 3 0 1 0 2 3 0 2 2 3 1 1 0 1 
0 51 3 2 45 3 0 1 0 2 4 0 2 2 3 1 1 0 1 
0 51 3 2 45 0 0 4 0 2 3 0 2 2 3 1 1 0 1 
0 51 3 2 73 0 0 4 0 2 3 0 2 2 3 1 1 0 1 
0 51 4 2 73 0 0 4 0 2 3 0 2 2 3 1 1 0 1 
0 51 0 2 45 0 4 4 1 2 1 0 2 0 3 1 1 0 1 
0 51 0 2 45 3 0 4 0 2 3 0 2 2 3 1 1 1 1 
0 51 0 2 45 3 0 4 0 2 3 0 2 0 3 1 1 1 1 
0 51 0 2 45 3 0 4 0 2 3 0 2 0 3 1 2 1 1 
0 51 0 2 45 3 0 4 0 2 1 0 2 0 3 1 2 1 1 
0 51 0 2 45 3 0 4 0 2 3 1 2 0 3 1 1 1 1 
0 51 4 2 45 3 0 4 0 2 3 1 2 0 3 1 1 1 1 
0 51 4 2 45 3 0 1 0 2 3 1 2 0 3 1 1 1 1 
0 51 4 2 41 3 0 1 0 2 3 1 2 0 3 1 1 1 1 
0 51 4 2 41 3 0 1 0 2 3 0 2 0 3 1 1 1 1 
1 51 4 2 41 3 0 1 0 2 3 0 2 0 3 1 1 1 1 
2 51 4 2 41 3 0 1 0 2 3 0 2 0 3 1 1 1 1 
2 51 0 2 41 3 0 1 0 2 3 0 2 0 3 1 1 1 1 
2 51 0 2 41 3 0 1 0 2 3 0 2 0 3 1 1 1 0 
0 51 0 3 45 3 0 4 0 2 3 1 2 0 3 1 1 1 1 
