0 2 3 9 51 1 3 3 0 1 3 2 0 0 3 3 2 1 0 
0 19 3 9 51 1 3 3 0 1 3 2 0 0 3 3 2 1 0 
0 8 1 4 58 4 2 2 1 1 2 1 2 2 3 0 1 0 0 
0 15 1 4 58 4 2 2 1 1 2 1 2 2 3 0 1 0 0 
0 15 1 4 58 0 2 2 1 1 2 1 2 2 3 0 1 0 0 
0 8 1 9 45 0 3 4 1 2 4 1 1 0 1 2 2 1 0 
0 8 1 9 45 0 3 4 1 2 4 1 1 0 1 2 2 0 0 
0 8 4 1 124 0 2 1 1 0 3 0 2 1 1 0 1 0 1 
0 10 0 7 83 2 1 1 0 1 4 1 2 2 1 0 1 0 1 
0 10 0 7 83 2 1 1 0 1 4 1 2 2 1 0 2 0 1 
0 13 0 3 124 2 2 4 1 2 1 1 0 2 1 0 2 0 0 
0 13 0 3 29 2 2 4 1 2 1 1 0 2 1 0 2 0 0 
0 13 0 3 29 2 2 1 1 2 1 1 0 2 1 0 2 0 0 
0 13 0 3 29 0 2 1 1 2 1 1 0 2 1 0 2 0 0 
0 13 0 3 29 0 2 1 1 2 1 3 0 2 1 0 2 0 0 
0 13 0 3 29 0 0 1 1 2 1 3 0 2 1 0 2 0 0 
0 13 0 3 29 0 2 1 1 2 3 1 0 2 1 0 2 0 0 
0 1 0 3 29 0 2 1 1 2 3 1 0 2 1 0 2 0 0 
0 13 0 3 29 0 0 1 1 2 1 0 0 2 1 0 2 0 0 
0 13 3 3 124 2 2 4 1 2 1 1 0 2 1 0 2 0 0 
0 13 0 3 29 2 2 4 1 2 1 1 0 0 1 0 2 0 0 
0 13 0 3 29 2 2 4 1 2 1 1 0 0 1 1 2 0 0 
0 13 0 3 29 2 2 4 1 2 1 1 0 0 1 1 1 0 0 
0 13 0 3 29 2 2 4 1 2 1 1 0 0 1 1 2 1 0 
0 13 0 3 29 2 2 1 1 2 1 1 0 0 1 1 2 1 0 
0 13 0 3 29 2 2 1 1 2 1 1 0 0 1 3 2 1 0 
0 13 0 3 29 2 2 4 1 2 1 1 1 2 1 0 2 0 0 
0 16 0 3 29 2 2 1 1 2 1 1 0 0 1 1 2 1 0 
0 16 0 3 29 2 2 1 1 2 1 1 0 0 4 1 2 1 0 
0 16 0 3 29 2 0 1 1 2 1 1 0 0 1 1 2 1 0 
0 16 0 3 29 4 0 1 1 2 1 1 0 0 1 1 2 1 0 
0 16 0 3 29 2 0 1 1 2 1 1 0 0 4 1 2 1 0 
0 16 0 3 29 4 0 3 1 2 1 1 0 0 1 1 2 1 0 
0 16 0 3 29 4 0 3 1 2 1 1 0 1 1 1 2 1 0 
0 16 0 3 29 0 0 3 1 2 1 1 0 1 1 1 2 1 0 
0 24 0 3 29 0 0 3 1 2 1 1 0 1 1 1 2 1 0 
0 16 1 3 29 2 2 1 1 2 1 1 0 0 1 1 2 1 0 
0 16 0 3 29 2 0 1 1 2 1 1 0 0 2 1 2 1 0 
0 16 0 3 29 2 0 1 1 2 1 1 0 0 2 1 2 0 0 
0 16 0 3 49 2 0 1 1 2 1 1 0 0 2 1 2 0 0 
0 16 0 3 49 2 0 3 1 2 1 1 0 0 2 1 2 0 0 
0 16 3 3 49 2 0 3 1 2 1 1 0 0 2 1 2 0 0 
0 16 3 3 69 2 0 3 1 2 1 1 0 0 2 1 2 0 0 
0 16 3 3 69 2 0 3 1 2 1 1 0 0 1 1 2 0 0 
0 16 3 3 1 2 0 3 1 2 1 1 0 0 2 1 2 0 0 
0 16 3 3 49 2 0 3 1 2 2 1 0 0 2 1 2 0 0 
0 16 3 3 49 2 0 3 1 2 2 1 0 0 4 1 2 0 0 
0 16 3 3 49 2 0 3 1 2 3 1 0 0 4 1 2 0 0 
0 16 3 3 49 2 2 3 1 2 3 1 0 0 4 1 2 0 0 
0 16 3 3 49 2 1 3 1 2 2 1 0 0 4 1 2 0 0 
0 16 3 3 49 2 4 3 1 2 2 1 0 0 4 1 2 0 0 
0 16 3 3 49 2 4 3 1 2 2 1 0 2 4 1 2 0 0 
0 16 3 0 49 2 4 3 1 2 2 1 0 2 4 1 2 0 0 
0 16 3 3 49 2 4 3 1 2 2 1 1 0 4 1 2 0 0 
0 16 0 3 6 2 0 1 1 2 1 1 0 0 2 1 2 1 0 
0 16 0 3 6 2 0 1 1 2 1 1 0 0 2 0 2 1 0 
0 16 3 3 69 2 0 3 1 2 1 1 1 0 1 1 2 0 0 
0 16 3 3 69 0 0 3 1 2 1 1 1 0 1 1 2 0 0 
0 16 3 3 9 0 0 3 1 2 1 1 1 0 1 1 2 0 0 
0 16 3 3 9 0 0 3 1 2 1 1 1 0 2 1 2 0 0 
0 16 3 3 9 0 0 3 1 2 1 1 1 0 2 2 2 0 0 
0 16 3 3 9 0 1 3 1 2 1 1 1 0 2 1 2 0 0 
0 1 3 3 9 0 0 3 1 2 1 1 1 0 2 2 2 0 0 
0 16 3 3 9 0 0 3 1 2 1 1 1 0 2 0 2 0 0 
0 1 3 3 9 0 0 3 1 0 1 1 1 0 2 2 2 0 0 
0 1 3 10 9 0 0 3 1 0 1 1 1 0 2 2 2 0 0 
0 1 3 3 9 0 0 3 1 0 1 1 1 0 1 2 2 0 0 
0 16 3 3 69 0 2 3 1 2 1 1 1 0 1 1 2 0 0 
0 16 3 3 49 2 2 3 1 2 2 1 0 0 2 1 2 0 0 
0 33 3 3 49 2 2 3 1 2 2 1 0 0 2 1 2 0 0 
0 16 3 3 65 2 2 3 1 2 2 1 0 0 2 1 2 0 0 
0 16 3 3 65 3 2 3 1 2 2 1 0 0 2 1 2 0 0 
0 78 3 3 65 3 2 3 1 2 2 1 0 0 2 1 2 0 0 
0 78 4 3 65 3 2 3 1 2 2 1 0 0 2 1 2 0 0 
0 78 4 3 65 3 2 4 1 2 2 1 0 0 2 1 2 0 0 
0 78 4 3 143 3 2 4 1 2 2 1 0 0 2 1 2 0 0 
0 78 4 3 143 4 2 4 1 2 2 1 0 0 2 1 2 0 0 
0 78 4 3 143 3 2 4 1 2 2 1 0 0 2 1 1 0 0 
0 78 4 3 143 3 2 4 1 2 2 1 2 0 2 1 1 0 0 
0 78 4 3 143 3 0 4 1 2 2 1 2 0 2 1 1 0 0 
0 78 4 3 65 4 2 3 1 2 2 1 0 0 2 1 2 0 0 
0 78 4 3 65 4 2 3 1 2 2 1 2 0 2 1 2 0 0 
0 78 4 3 143 3 2 4 1 0 2 1 0 0 2 1 2 0 0 
0 78 4 3 143 3 2 4 1 0 2 1 0 0 2 1 2 0 1 
0 78 4 3 143 4 2 4 1 0 2 1 0 0 2 1 2 0 1 
0 78 4 3 143 4 2 4 1 0 2 1 0 0 2 1 2 0 0 
0 78 4 6 143 4 2 4 1 0 2 1 0 0 2 1 2 0 1 
0 78 4 0 143 4 2 4 1 0 2 1 0 0 2 1 2 0 0 
0 78 4 0 143 4 2 4 1 0 1 1 0 0 2 1 2 0 0 
0 78 3 3 65 3 2 3 1 0 2 1 0 0 2 1 2 0 0 
0 21 3 3 65 3 2 3 1 0 2 1 0 0 2 1 2 0 0 
0 21 3 3 65 3 2 3 1 0 4 1 0 0 2 1 2 0 0 
0 21 3 3 66 3 2 3 1 0 4 1 0 0 2 1 2 0 0 
0 16 3 3 65 3 2 3 1 2 2 1 0 0 2 2 2 0 0 
1 16 3 3 65 3 2 3 1 2 2 1 0 0 2 2 2 0 0 
1 16 3 3 65 3 2 4 1 2 2 1 0 0 2 2 2 0 0 
1 16 3 3 65 3 2 4 0 2 2 1 0 0 2 2 2 0 0 
1 16 3 3 65 3 0 4 0 2 2 1 0 0 2 2 2 0 0 
1 16 4 3 65 3 0 4 0 2 2 1 0 0 2 2 2 0 0 
1 16 3 3 65 3 2 4 0 2 2 3 0 0 2 2 2 0 0 
1 16 3 9 65 3 2 4 0 2 2 3 0 0 2 2 2 0 0 
0 16 3 3 65 3 2 4 0 2 2 3 0 0 2 2 2 0 0 
0 16 3 3 65 0 2 4 0 2 2 3 0 0 2 2 2 0 0 
0 16 3 3 65 3 2 4 0 2 3 3 0 0 2 2 2 0 0 
0 16 3 3 65 3 2 4 0 2 3 0 0 0 2 2 2 0 0 
0 16 3 5 65 3 2 4 0 2 3 0 0 0 2 2 2 0 0 
0 16 3 10 65 3 2 4 0 2 3 0 0 0 2 2 2 0 0 
0 16 4 5 65 3 2 4 0 2 3 0 0 0 2 2 2 0 0 
0 16 4 5 65 3 2 4 0 2 3 0 0 0 2 3 2 0 0 
0 16 4 5 65 3 0 4 0 2 3 0 0 0 2 3 2 0 0 
0 16 3 5 65 3 2 1 0 2 3 0 0 0 2 2 2 0 0 
0 52 3 3 65 3 2 4 0 2 3 3 0 0 2 2 2 0 0 
0 16 4 5 65 3 4 4 0 2 3 0 0 0 2 3 2 0 0 
0 31 3 3 65 3 2 4 0 2 3 0 0 0 2 2 2 0 0 
1 16 3 3 65 3 0 4 0 2 2 1 0 1 2 2 2 0 0 
1 16 3 3 65 3 2 4 0 2 2 1 0 0 3 2 2 0 0 
1 16 3 9 65 3 3 4 0 2 2 3 0 0 2 2 2 0 0 
1 16 3 9 65 3 3 4 0 2 2 3 1 0 2 2 2 0 0 
1 49 3 3 65 3 2 4 0 2 2 1 0 0 3 2 2 0 0 
1 49 3 3 65 3 2 4 0 2 3 1 0 0 3 2 2 0 0 
1 49 4 3 65 3 2 4 0 2 3 1 0 0 3 2 2 0 0 
1 49 3 3 65 3 2 4 0 2 2 1 0 0 3 2 2 0 1 
1 49 3 3 65 3 2 1 0 2 2 1 0 0 3 2 2 0 1 
1 49 3 3 65 3 2 4 0 2 2 1 0 0 3 2 1 0 1 
1 21 3 3 65 3 2 1 0 2 2 1 0 0 3 2 2 0 1 
1 34 3 3 65 3 2 1 0 2 2 1 0 0 3 2 2 0 1 
1 34 3 3 65 3 4 1 0 2 2 1 0 0 3 2 2 0 1 
1 6 3 3 65 3 4 1 0 2 2 1 0 0 3 2 2 0 1 
2 49 3 3 65 3 2 4 0 2 2 1 0 0 3 2 2 0 1 
2 49 3 3 63 3 2 4 0 2 2 1 0 0 3 2 2 0 1 
2 49 3 3 63 4 2 4 0 2 2 1 0 0 3 2 2 0 1 
2 49 3 0 63 4 2 4 0 2 2 1 0 0 3 2 2 0 1 
3 49 3 0 63 4 2 4 0 2 2 1 0 0 3 2 2 0 1 
3 49 3 0 63 4 2 4 0 2 2 0 0 0 3 2 2 0 1 
3 49 3 0 57 4 2 4 0 2 2 0 0 0 3 2 2 0 1 
3 49 3 0 57 4 0 4 0 2 2 0 0 0 3 2 2 0 1 
2 49 3 3 41 3 2 4 0 2 2 1 0 0 3 2 2 0 1 
3 73 3 0 57 4 2 4 0 2 2 0 0 0 3 2 2 0 1 
3 73 3 0 57 4 2 4 0 2 2 0 0 0 3 3 2 0 1 
3 73 3 0 57 4 4 4 0 2 2 0 0 0 3 3 2 0 1 
3 35 3 0 57 4 2 4 0 2 2 0 0 0 3 3 2 0 1 
3 35 3 0 57 4 2 4 1 2 2 0 0 0 3 3 2 0 1 
0 35 3 0 57 4 2 4 1 2 2 0 0 0 3 3 2 0 1 
3 5 3 0 57 4 0 4 0 2 2 0 0 0 3 2 2 0 1 
3 5 3 0 3 4 0 4 0 2 2 0 0 0 3 2 2 0 1 
3 5 3 0 3 4 0 4 0 2 1 0 0 0 3 2 2 0 1 
0 5 3 0 3 4 0 4 0 2 2 0 0 0 3 2 2 0 1 
3 5 3 0 24 4 0 4 0 2 2 0 0 0 3 2 2 0 1 
3 1 3 0 24 4 0 4 0 2 2 0 0 0 3 2 2 0 1 
3 1 3 0 24 4 0 4 0 2 2 0 0 0 1 2 2 0 1 
3 29 3 0 24 4 0 4 0 2 2 0 0 0 1 2 2 0 1 
0 5 3 0 3 4 0 4 0 2 2 0 0 0 3 2 1 0 1 
0 5 3 0 3 4 0 4 0 2 2 0 0 0 3 3 1 0 1 
0 1 3 0 3 4 0 4 0 2 2 0 0 0 3 3 1 0 1 
0 1 3 0 3 4 0 4 0 2 2 0 0 0 1 3 1 0 1 
0 1 3 0 3 4 0 1 0 2 2 0 0 0 3 3 1 0 1 
0 1 3 0 3 4 0 1 1 2 2 0 0 0 3 3 1 0 1 
0 1 3 2 3 4 0 4 0 2 2 0 0 0 1 3 1 0 1 
0 5 3 0 3 4 0 4 0 2 2 0 0 0 1 3 1 0 1 
0 5 4 0 3 4 0 4 0 2 2 0 0 0 1 3 1 0 1 
0 5 4 0 3 4 0 4 0 2 2 0 0 1 1 3 1 0 1 
3 5 3 7 3 4 0 4 0 2 1 0 0 0 3 2 2 0 1 
0 45 3 5 65 3 2 4 0 2 3 0 0 0 2 2 2 0 0 
0 45 3 5 65 3 2 1 0 2 3 0 0 0 2 2 2 0 0 
1 77 3 3 65 3 2 1 0 2 2 1 0 0 3 2 2 0 1 
1 77 3 3 65 3 2 1 0 2 2 1 0 0 4 2 2 0 1 
1 77 3 3 63 3 2 1 0 2 2 1 0 0 3 2 2 0 1 
1 49 3 3 65 3 2 4 0 2 2 1 0 0 1 2 2 0 0 
2 49 3 3 65 3 2 4 0 2 2 1 0 0 1 2 2 0 0 
0 49 3 3 65 3 2 4 0 2 2 1 0 0 1 2 2 0 0 
0 49 3 3 45 3 2 4 0 2 2 1 0 0 1 2 2 0 0 
1 49 3 3 65 3 2 4 0 0 2 1 0 0 1 2 2 0 0 
1 49 0 3 65 3 2 4 0 0 2 1 0 0 1 2 2 0 0 
1 49 0 3 65 3 2 4 0 0 2 0 0 0 1 2 2 0 0 
0 80 3 3 65 3 2 4 0 2 2 1 0 0 1 2 2 0 0 
3 5 3 0 57 4 0 4 0 2 2 0 0 2 3 2 2 0 1 
1 16 3 3 65 3 2 4 0 2 2 1 0 0 1 2 2 0 0 
1 28 3 3 65 3 2 4 0 2 2 1 0 0 1 2 2 0 0 
1 28 3 3 49 3 2 4 0 2 2 1 0 0 1 2 2 0 0 
1 28 3 3 49 3 2 4 0 2 2 3 0 0 1 2 2 0 0 
1 28 3 3 49 0 2 4 0 2 2 3 0 0 1 2 2 0 0 
1 28 3 3 65 3 2 4 0 2 3 1 0 0 1 2 2 0 0 
1 28 3 3 49 0 2 4 0 2 2 1 0 0 1 2 2 0 0 
1 28 3 10 65 3 2 4 0 2 3 1 0 0 1 2 2 0 0 
1 28 3 10 65 4 2 4 0 2 3 1 0 0 1 2 2 0 0 
1 46 3 3 49 0 2 4 0 2 2 1 0 0 1 2 2 0 0 
1 46 3 3 49 0 2 4 0 2 2 1 0 2 1 2 2 0 0 
1 28 3 3 49 0 2 4 0 2 2 3 0 0 1 3 2 0 0 
1 28 3 3 49 0 2 4 0 2 2 3 0 0 1 2 2 1 0 
0 24 4 0 3 4 0 4 0 2 2 0 0 0 1 3 1 0 1 
0 24 4 0 3 4 2 4 0 2 2 0 0 0 1 3 1 0 1 
0 1 4 0 3 4 2 4 0 2 2 0 0 0 1 3 1 0 1 
0 24 4 0 3 4 2 4 0 2 2 0 2 0 1 3 1 0 1 
0 24 4 0 1 4 2 4 0 2 2 0 2 0 1 3 1 0 1 
0 1 4 0 3 4 2 4 0 2 2 2 0 0 1 3 1 0 1 
0 1 4 0 3 4 2 4 0 2 2 2 0 0 1 0 1 0 1 
0 1 4 0 3 4 2 4 0 2 3 2 0 0 1 3 1 0 1 
0 1 4 0 3 4 2 4 0 2 3 2 0 0 1 0 1 0 1 
0 1 4 0 3 4 2 4 0 2 3 2 1 0 1 0 1 0 1 
0 1 4 3 3 4 2 4 0 2 3 2 1 0 1 0 1 0 1 
0 24 4 0 1 0 2 4 0 2 2 0 2 0 1 3 1 0 1 
0 24 4 0 1 0 2 4 0 2 2 0 2 0 1 3 1 0 0 
0 24 4 0 1 0 2 4 0 2 2 0 2 0 2 3 1 0 1 
0 24 4 0 1 0 3 4 0 2 2 0 2 0 2 3 1 0 1 
0 1 4 0 3 4 2 4 0 2 4 2 1 0 1 0 1 0 1 
1 1 4 0 3 4 2 4 0 2 4 2 1 0 1 0 1 0 1 
1 1 4 0 3 4 2 4 0 2 1 2 1 0 1 0 1 0 1 
1 1 4 0 3 4 2 4 0 2 4 2 1 0 1 1 1 0 1 
1 1 4 0 3 4 2 4 0 2 1 2 1 0 1 1 1 0 1 
1 1 4 0 3 4 2 4 0 2 1 0 1 0 1 1 1 0 1 
1 1 4 0 3 4 2 4 0 2 1 2 1 1 1 1 1 0 1 
1 1 4 0 3 4 4 4 0 2 1 2 1 1 1 1 1 0 1 
1 1 4 0 3 4 0 4 0 2 1 2 1 1 1 1 1 0 1 
1 1 4 0 3 4 2 4 0 2 1 0 1 1 1 1 1 0 1 
1 1 4 0 3 4 2 4 0 2 1 0 1 2 1 1 1 0 1 
0 1 4 0 3 4 0 4 0 2 2 2 0 0 1 0 1 0 1 
1 1 4 0 3 4 0 4 0 2 1 0 1 0 1 1 1 0 1 
1 17 4 0 3 4 0 4 0 2 1 0 1 0 1 1 1 0 1 
1 17 4 0 3 4 0 4 0 2 1 0 1 1 1 1 1 0 1 
1 17 4 0 3 4 0 4 0 2 1 1 1 1 1 1 1 0 1 
1 17 4 0 3 4 0 4 0 2 1 1 1 2 1 1 1 0 1 
0 48 3 3 65 3 2 4 0 2 2 3 0 0 2 2 2 0 0 
0 48 3 0 65 3 2 4 0 2 2 3 0 0 2 2 2 0 0 
0 48 3 0 65 3 2 4 0 2 1 3 0 0 2 2 2 0 0 
0 25 3 0 65 3 2 4 0 2 2 3 0 0 2 2 2 0 0 
0 48 3 3 65 3 0 4 0 2 2 3 0 0 2 2 2 0 0 
0 73 3 3 65 3 2 4 0 2 2 3 0 0 2 2 2 0 0 
0 73 4 3 65 3 2 4 0 2 2 3 0 0 2 2 2 0 0 
0 73 4 3 65 3 2 4 0 2 2 3 0 2 2 2 2 0 0 
0 16 3 3 1 0 2 4 0 2 2 3 0 0 2 2 2 0 0 
0 11 3 3 1 0 2 4 0 2 2 3 0 0 2 2 2 0 0 
0 77 3 3 65 3 2 1 0 2 2 1 0 0 4 2 2 0 1 
0 77 3 3 65 3 0 1 0 2 2 1 0 0 4 2 2 0 1 
0 77 3 3 65 3 0 1 0 2 2 1 0 0 4 3 2 0 1 
0 77 3 3 65 3 0 1 0 2 2 0 0 0 4 3 2 0 1 
0 77 3 3 65 0 0 1 0 2 2 0 0 0 4 3 2 0 1 
0 77 4 3 65 0 0 1 0 2 2 0 0 0 4 3 2 0 1 
0 77 4 3 65 0 0 1 0 2 2 2 0 0 4 3 2 0 1 
0 77 4 6 65 0 0 1 0 2 2 0 0 0 4 3 2 0 1 
0 77 4 9 65 0 0 1 0 2 2 2 0 0 4 3 2 0 1 
0 77 4 0 65 0 0 1 0 2 2 0 0 0 4 3 2 0 1 
0 77 4 3 65 3 0 1 0 2 2 2 0 0 4 3 2 0 1 
0 77 0 3 65 3 0 1 0 2 2 1 0 0 4 3 2 0 1 
0 77 0 3 65 3 0 1 0 2 2 1 0 2 4 3 2 0 1 
0 15 0 3 65 3 0 1 0 2 2 1 0 0 4 3 2 0 1 
0 15 0 3 65 3 0 1 0 2 2 1 0 0 4 0 2 0 1 
0 15 0 3 65 3 0 1 0 2 2 1 0 0 1 0 2 0 1 
0 15 0 3 65 0 0 1 0 2 2 1 0 0 1 0 2 0 1 
0 15 0 3 65 0 0 1 0 2 2 1 0 2 1 0 2 0 1 
0 62 0 3 65 0 0 1 0 2 2 1 0 2 1 0 2 0 1 
0 64 0 3 65 0 0 1 0 2 2 1 0 2 1 0 2 0 1 
0 15 0 3 65 0 0 1 0 2 3 1 0 0 1 0 2 0 1 
0 32 0 3 65 3 0 1 0 2 2 1 0 0 4 3 2 0 1 
0 32 0 3 65 3 0 1 0 2 2 3 0 0 4 3 2 0 1 
0 32 0 3 65 3 0 1 0 2 2 3 0 0 4 0 2 0 1 
0 77 0 3 65 3 0 1 0 2 2 1 0 2 1 3 2 0 1 
0 79 0 3 65 3 0 1 0 2 2 1 0 2 1 3 2 0 1 
0 79 0 3 65 3 0 1 0 0 2 1 0 2 1 3 2 0 1 
0 77 0 3 65 3 0 1 0 2 1 1 0 2 1 3 2 0 1 
1 32 0 3 65 3 0 1 0 2 2 3 0 0 4 3 2 0 1 
1 32 0 3 65 3 0 1 0 2 2 3 0 0 1 3 2 0 1 
1 32 0 3 65 4 0 1 0 2 2 3 0 0 4 3 2 0 1 
0 32 0 3 65 4 0 1 0 2 2 3 0 0 4 3 2 0 1 
0 32 0 3 65 4 0 1 0 2 4 3 0 0 4 3 2 0 1 
1 33 0 3 65 4 0 1 0 2 2 3 0 0 4 3 2 0 1 
1 33 0 0 65 4 0 1 0 2 2 3 0 0 4 3 2 0 1 
1 33 0 3 65 4 0 1 0 2 2 3 0 0 4 3 2 1 1 
1 33 0 3 65 4 2 1 0 2 2 3 0 0 4 3 2 1 1 
1 33 0 10 65 4 0 1 0 2 2 3 0 0 4 3 2 0 1 
1 32 0 3 65 3 0 1 0 2 2 3 0 0 1 3 2 1 1 
1 72 0 3 65 3 0 1 0 2 2 3 0 0 1 3 2 1 1 
1 72 0 3 65 3 0 1 0 0 2 3 0 0 1 3 2 1 1 
1 73 0 3 65 3 0 1 0 0 2 3 0 0 1 3 2 1 1 
1 32 0 3 65 3 0 1 0 2 2 0 0 0 1 3 2 1 1 
1 32 0 3 65 3 0 1 0 2 2 1 0 0 1 3 2 1 1 
1 32 0 3 65 3 0 1 0 2 1 3 0 0 1 3 2 1 1 
0 72 0 3 65 3 0 1 0 2 2 3 0 0 1 3 2 1 1 
0 72 0 3 65 3 0 1 0 2 2 3 1 0 1 3 2 1 1 
0 72 0 3 65 3 0 1 0 2 2 3 1 0 1 3 2 1 0 
0 72 0 0 65 3 0 1 0 2 2 3 1 0 1 3 2 1 0 
1 33 0 10 65 4 0 1 0 2 1 3 0 0 4 3 2 0 1 
1 33 4 0 65 4 0 1 0 2 2 3 0 0 4 3 2 0 1 
1 33 0 3 65 0 0 1 0 2 2 3 0 0 4 3 2 1 1 
1 32 0 3 65 0 0 1 0 2 2 1 0 0 1 3 2 1 1 
1 32 0 3 65 0 0 1 0 2 3 1 0 0 1 3 2 1 1 
0 79 0 3 65 0 0 1 0 2 3 1 0 0 1 0 2 0 1 
1 72 0 0 65 3 0 1 0 2 2 3 0 0 1 3 2 1 1 
1 72 0 0 65 3 0 3 0 2 2 3 0 0 1 3 2 1 1 
1 72 3 0 65 3 0 1 0 2 2 3 0 0 1 3 2 1 1 
1 72 3 0 65 3 0 1 0 2 2 3 0 0 1 0 2 1 1 
0 15 0 3 3 0 0 1 0 2 3 1 0 0 1 0 2 0 1 
0 15 0 0 3 0 0 1 0 2 3 1 0 0 1 0 2 0 1 
0 15 0 0 3 0 0 1 0 2 3 1 0 0 1 2 2 0 1 
0 15 0 0 3 0 0 1 0 2 3 1 0 2 1 2 2 0 1 
0 15 0 0 3 0 0 1 0 2 3 1 0 1 1 2 2 0 1 
0 15 0 0 3 0 0 1 1 2 3 1 0 1 1 2 2 0 1 
1 32 0 3 72 0 0 1 0 2 3 1 0 0 1 3 2 1 1 
0 77 4 9 65 0 0 1 0 2 2 0 0 0 4 3 2 0 1 
0 13 4 9 65 0 0 1 0 2 2 0 0 0 4 3 2 0 1 
1 32 0 3 65 0 0 1 0 2 1 3 0 0 1 3 2 1 1 
1 32 0 3 65 0 0 1 0 2 1 3 0 0 1 3 2 0 1 
1 41 0 3 65 3 0 1 0 2 2 3 0 0 1 3 2 0 1 
1 41 0 3 65 3 2 1 0 2 2 3 0 0 1 3 2 0 1 
1 41 0 0 65 3 2 1 0 2 2 3 0 0 1 3 2 0 1 
2 41 0 3 65 3 2 1 0 2 2 3 0 0 1 3 2 0 1 
1 41 0 0 65 0 2 1 0 2 2 3 0 0 1 3 2 0 1 
3 41 0 0 65 0 2 1 0 2 2 3 0 0 1 3 2 0 1 
1 41 0 0 71 0 2 1 0 2 2 3 0 0 1 3 2 0 1 
3 41 0 0 65 0 2 1 0 2 2 3 2 0 1 3 2 0 1 
0 41 0 0 65 0 2 1 0 2 2 3 2 0 1 3 2 0 1 
3 41 0 0 65 0 2 1 0 2 2 3 2 0 1 3 2 1 1 
1 49 0 0 71 0 2 1 0 2 2 3 0 0 1 3 2 0 1 
3 41 0 7 65 0 2 1 0 2 2 3 0 0 1 3 2 0 1 
0 41 0 0 66 0 2 1 0 2 2 3 2 0 1 3 2 0 1 
0 41 0 0 66 0 2 4 0 2 2 3 2 0 1 3 2 0 1 
0 41 0 0 66 4 2 4 0 2 2 3 2 0 1 3 2 0 1 
0 41 0 0 66 4 2 4 0 2 2 3 2 0 1 0 2 0 1 
2 41 0 0 65 3 2 1 0 2 2 3 0 0 1 3 2 0 1 
2 41 0 0 65 3 2 1 0 2 2 3 0 0 1 3 2 1 1 
3 41 0 0 65 0 2 3 0 2 2 3 0 0 1 3 2 0 1 
3 41 0 0 65 0 0 3 0 2 2 3 0 0 1 3 2 0 1 
3 41 0 0 65 0 2 3 0 2 1 3 0 0 1 3 2 0 1 
0 41 0 0 66 4 2 4 0 2 3 3 2 0 1 3 2 0 1 
0 41 0 0 66 4 2 4 0 2 1 3 2 0 1 3 2 0 1 
0 41 0 0 66 4 2 4 0 2 3 3 2 2 1 3 2 0 1 
0 41 0 0 66 4 2 4 0 2 4 3 2 2 1 3 2 0 1 
3 41 0 0 66 4 2 4 0 2 4 3 2 2 1 3 2 0 1 
3 41 0 0 66 4 2 4 1 2 4 3 2 2 1 3 2 0 1 
3 41 0 0 66 4 2 4 1 2 4 3 2 2 1 3 2 1 1 
3 41 0 0 66 0 2 4 1 2 4 3 2 2 1 3 2 0 1 
0 41 0 0 66 4 0 4 0 2 3 3 2 0 1 3 2 0 1 
0 41 1 0 66 4 0 4 0 2 3 3 2 0 1 3 2 0 1 
0 41 1 0 66 4 0 4 0 2 3 3 0 0 1 3 2 0 1 
0 41 1 0 66 4 0 1 0 2 3 3 0 0 1 3 2 0 1 
0 41 1 0 66 4 0 1 0 2 3 3 0 0 3 3 2 0 1 
0 41 1 0 66 4 0 1 0 2 1 3 0 0 3 3 2 0 1 
0 41 1 0 72 4 0 1 0 2 3 3 0 0 1 3 2 0 1 
3 41 2 0 66 4 2 4 1 2 4 3 2 2 1 3 2 1 1 
3 37 2 0 66 4 2 4 1 2 4 3 2 2 1 3 2 1 1 
3 41 2 0 49 4 2 4 1 2 4 3 2 2 1 3 2 1 1 
3 41 2 0 88 4 2 4 1 2 4 3 2 2 1 3 2 1 1 
1 41 0 6 71 0 2 1 0 2 2 3 0 0 1 3 2 0 1 
1 72 0 6 71 0 2 1 0 2 2 3 0 0 1 3 2 0 1 
1 72 0 6 71 0 2 1 0 2 2 3 0 0 1 3 1 0 1 
1 72 0 6 71 0 2 1 0 2 2 3 0 2 1 3 1 0 1 
1 72 0 0 71 0 2 1 0 2 2 3 0 0 1 3 1 0 1 
1 15 0 6 71 0 2 1 0 2 2 3 0 2 1 3 1 0 1 
1 15 0 6 71 0 2 1 0 2 2 0 0 2 1 3 1 0 1 
1 72 0 6 71 0 2 1 0 2 2 3 0 0 2 3 1 0 1 
1 72 0 6 71 4 2 1 0 2 2 3 0 0 2 3 1 0 1 
1 72 0 6 71 4 2 1 0 2 2 0 0 0 2 3 1 0 1 
1 72 0 6 71 0 2 1 0 2 2 3 0 0 1 3 1 1 1 
1 72 0 6 71 0 0 1 0 2 2 3 0 0 2 3 1 0 1 
1 72 0 6 71 0 0 1 0 2 1 3 0 0 2 3 1 0 1 
1 72 4 6 71 0 2 1 0 2 2 3 0 2 1 3 1 0 1 
1 80 4 6 71 0 2 1 0 2 2 3 0 2 1 3 1 0 1 
1 80 4 6 71 0 4 1 0 2 2 3 0 2 1 3 1 0 1 
1 80 4 6 71 2 4 1 0 2 2 3 0 2 1 3 1 0 1 
1 80 4 6 71 0 4 1 0 2 2 3 0 2 1 3 1 1 1 
1 15 3 6 71 0 2 1 0 2 2 3 0 2 1 3 1 0 1 
1 15 3 0 71 0 2 1 0 2 2 3 0 2 1 3 1 0 1 
1 72 3 0 71 0 2 1 0 2 2 3 0 2 1 3 1 0 1 
1 72 0 0 71 0 2 1 0 2 2 3 0 2 1 3 1 0 1 
3 72 3 0 71 0 2 1 0 2 2 3 0 2 1 3 1 0 1 
3 72 3 0 71 0 2 1 0 0 2 3 0 2 1 3 1 0 1 
3 77 3 0 71 0 2 1 0 0 2 3 0 2 1 3 1 0 1 
3 47 3 0 71 0 2 1 0 0 2 3 0 2 1 3 1 0 1 
1 72 3 0 71 0 2 1 0 2 2 3 0 0 1 3 1 0 1 
1 72 3 0 71 0 2 1 0 2 1 3 0 0 1 3 1 0 1 
1 72 3 0 71 0 2 4 0 2 1 3 0 0 1 3 1 0 1 
1 72 0 0 71 0 2 4 0 2 1 3 0 0 1 3 1 0 1 
1 72 3 0 71 0 2 4 0 2 3 3 0 0 1 3 1 0 1 
1 80 4 6 71 0 2 1 0 2 2 3 0 2 1 0 1 0 1 
2 41 0 0 66 4 2 4 0 2 3 3 2 0 1 3 2 0 1 
2 41 0 0 66 4 2 4 0 2 3 3 2 2 1 3 2 0 1 
2 41 0 0 66 4 2 1 0 2 3 3 2 2 1 3 2 0 1 
0 41 0 0 66 4 2 4 0 2 2 3 2 0 3 3 2 0 1 
0 41 0 0 66 4 2 4 0 2 2 0 2 0 3 3 2 0 1 
3 41 2 0 88 4 2 4 1 2 4 3 2 2 2 3 2 1 1 
3 41 2 0 83 4 2 4 1 2 4 3 2 2 2 3 2 1 1 
0 41 2 0 83 4 2 4 1 2 4 3 2 2 2 3 2 1 1 
3 41 2 0 83 4 2 1 1 2 4 3 2 2 2 3 2 1 1 
3 41 2 0 83 0 2 1 1 2 4 3 2 2 2 3 2 1 1 
3 41 4 0 83 4 2 1 1 2 4 3 2 2 2 3 2 1 1 
3 41 4 0 83 4 2 1 1 2 4 3 0 2 2 3 2 1 1 
3 41 4 0 83 4 2 1 1 2 4 3 0 2 1 3 2 1 1 
3 41 4 0 83 4 2 4 1 2 4 3 0 2 1 3 2 1 1 
3 41 4 0 83 4 2 4 1 2 4 0 0 2 1 3 2 1 1 
3 41 4 0 83 4 2 1 0 2 4 3 0 2 1 3 2 1 1 
3 41 4 0 83 0 2 1 1 2 4 3 2 2 2 3 2 1 1 
3 41 4 0 83 4 0 1 1 2 4 3 0 2 2 3 2 1 1 
2 41 0 0 66 0 2 4 0 2 3 3 2 0 1 3 2 0 1 
2 41 0 0 66 0 2 4 0 2 3 0 2 0 1 3 2 0 1 
2 41 0 7 66 0 2 4 0 2 3 3 2 0 1 3 2 0 1 
2 41 0 7 107 0 2 4 0 2 3 3 2 0 1 3 2 0 1 
2 41 0 8 107 0 2 4 0 2 3 3 2 0 1 3 2 0 1 
0 32 0 3 65 0 0 1 0 2 2 3 0 0 4 3 2 0 1 
0 32 3 3 65 0 0 1 0 2 2 3 0 0 4 3 2 0 1 
0 32 3 8 65 0 0 1 0 2 2 3 0 0 4 3 2 0 1 
0 1 3 8 65 0 0 1 0 2 2 3 0 0 4 3 2 0 1 
0 1 4 8 65 0 0 1 0 2 2 3 0 0 4 3 2 0 1 
0 1 4 8 65 0 0 1 1 2 2 3 0 0 4 3 2 0 1 
0 32 3 3 15 0 0 1 0 2 2 3 0 0 4 3 2 0 1 
0 32 3 3 65 3 0 1 0 2 2 3 0 0 4 3 2 0 1 
2 32 3 3 65 3 0 1 0 2 2 3 0 0 4 3 2 0 1 
0 32 3 0 65 3 0 1 0 2 2 3 0 0 4 3 2 0 1 
0 32 3 0 65 3 0 1 1 2 2 3 0 0 4 3 2 0 1 
0 32 3 0 65 3 0 1 1 2 4 3 0 0 4 3 2 0 1 
0 32 3 0 65 3 2 1 1 2 2 3 0 0 4 3 2 0 1 
0 32 3 0 65 3 2 1 1 0 2 3 0 0 4 3 2 0 1 
0 32 3 0 65 0 0 1 1 2 4 3 0 0 4 3 2 0 1 
0 32 3 0 65 3 2 1 1 0 2 3 0 0 4 3 2 1 1 
2 32 0 3 65 3 0 1 0 2 2 3 0 0 4 3 2 0 1 
2 32 0 3 65 3 0 1 0 2 2 0 0 0 4 3 2 0 1 
2 49 0 3 65 3 0 1 0 2 2 0 0 0 4 3 2 0 1 
2 49 0 3 65 3 0 1 0 2 2 0 0 2 4 3 2 0 1 
2 49 4 3 65 3 0 1 0 2 2 0 0 2 4 3 2 0 1 
2 49 4 3 65 3 0 1 0 2 2 0 0 0 4 3 2 0 1 
2 49 4 3 65 3 0 1 0 0 2 0 0 2 4 3 2 0 1 
2 73 4 3 65 3 0 1 0 0 2 0 0 2 4 3 2 0 1 
2 49 4 3 65 3 0 1 0 0 1 0 0 2 4 3 2 0 1 
2 79 4 3 65 3 0 1 0 0 1 0 0 2 4 3 2 0 1 
2 80 4 3 65 3 0 1 0 0 1 0 0 2 4 3 2 0 1 
2 1 4 3 65 3 0 1 0 0 1 0 0 2 4 3 2 0 1 
2 32 1 3 65 3 0 1 0 2 2 3 0 0 4 3 2 0 1 
3 32 1 3 65 3 0 1 0 2 2 3 0 0 4 3 2 0 1 
2 32 1 3 65 3 0 1 0 2 4 3 0 0 4 3 2 0 1 
3 32 1 3 65 3 0 1 0 2 2 3 0 0 4 3 1 0 1 
3 32 1 3 65 3 0 1 0 2 2 3 2 0 4 3 1 0 1 
3 32 1 3 65 3 0 1 0 2 2 3 2 1 4 3 1 0 1 
3 32 1 3 65 3 0 1 0 2 2 3 2 1 4 0 1 0 1 
3 32 1 9 65 3 0 1 0 2 2 3 2 1 4 0 1 0 1 
3 32 3 3 65 3 0 1 0 2 2 3 2 1 4 3 1 0 1 
3 32 1 9 65 4 0 1 0 2 2 3 2 1 4 0 1 0 1 
3 32 1 3 65 0 0 1 0 2 2 3 2 1 4 0 1 0 1 
3 32 1 10 65 3 0 1 0 2 2 3 2 1 4 0 1 0 1 
3 32 1 3 65 3 0 1 0 2 2 3 0 0 1 3 2 0 1 
3 32 3 3 65 0 0 1 0 2 2 3 2 1 4 0 1 0 1 
3 32 3 3 65 3 0 1 0 2 4 3 2 1 4 3 1 0 1 
3 32 3 3 65 0 0 1 0 2 4 3 2 1 4 3 1 0 1 
3 32 0 3 65 0 0 1 0 2 4 3 2 1 4 3 1 0 1 
3 32 0 3 65 0 0 1 0 2 4 0 2 1 4 3 1 0 1 
3 32 0 3 65 0 0 1 0 2 4 3 2 1 4 3 1 1 1 
3 73 0 3 65 0 0 1 0 2 4 3 2 1 4 3 1 1 1 
2 32 0 3 65 3 0 1 0 2 2 3 0 0 4 3 1 0 1 
3 32 1 3 65 0 0 1 0 2 3 3 2 1 4 0 1 0 1 
3 32 1 3 65 0 0 1 0 2 3 3 2 2 4 0 1 0 1 
3 32 3 3 65 0 0 1 0 2 3 3 2 2 4 0 1 0 1 
3 32 1 3 65 0 0 1 0 2 3 3 2 2 4 2 1 0 1 
3 32 1 3 65 0 0 3 0 2 3 3 2 2 4 2 1 0 1 
3 32 1 3 65 0 0 3 0 0 3 3 2 2 4 2 1 0 1 
3 32 1 3 65 0 0 3 0 0 3 3 0 2 4 2 1 0 1 
3 32 1 3 65 0 1 1 0 2 3 3 2 2 4 0 1 0 1 
3 32 1 3 65 0 1 1 0 2 3 3 0 2 4 0 1 0 1 
0 49 4 3 65 3 0 1 0 0 1 0 0 2 4 3 2 0 1 
0 32 1 3 65 3 0 1 0 2 2 3 0 0 4 3 2 0 1 
0 32 0 3 65 3 0 1 0 2 2 3 0 0 4 3 2 0 0 
0 32 1 3 65 3 0 3 0 2 2 3 0 0 4 3 2 0 1 
0 32 1 3 65 3 0 3 0 2 2 0 0 0 4 3 2 0 1 
0 32 1 9 65 3 0 3 0 2 2 0 0 0 4 3 2 0 1 
0 32 1 9 65 3 0 1 0 2 2 0 0 0 4 3 2 0 1 
0 32 1 9 65 3 0 1 0 2 3 0 0 0 4 3 2 0 1 
0 47 1 3 65 3 0 3 0 2 2 3 0 0 4 3 2 0 1 
0 32 1 9 165 3 0 3 0 2 2 0 0 0 4 3 2 0 1 
0 9 1 9 65 3 0 3 0 2 2 0 0 0 4 3 2 0 1 
0 32 1 9 65 3 0 1 0 2 2 0 0 0 4 0 2 0 1 
0 77 1 9 65 3 0 1 0 2 2 0 0 0 4 0 2 0 1 
0 32 1 5 65 3 0 3 0 2 2 3 0 0 4 3 2 0 1 
0 32 1 5 65 3 0 3 0 2 2 3 0 0 4 3 2 1 1 
0 32 1 5 23 3 0 3 0 2 2 3 0 0 4 3 2 1 1 
0 32 1 5 23 3 0 3 0 2 2 3 0 2 4 3 2 1 1 
0 32 1 5 1 3 0 3 0 2 2 3 0 2 4 3 2 1 1 
0 32 1 5 1 3 1 3 0 2 2 3 0 2 4 3 2 1 1 
0 32 1 5 1 3 1 3 0 2 2 3 0 0 4 3 2 1 1 
0 32 1 5 1 4 1 3 0 2 2 3 0 0 4 3 2 1 1 
0 32 1 8 1 4 1 3 0 2 2 3 0 0 4 3 2 1 1 
0 32 1 8 1 4 1 3 0 2 2 3 0 0 1 3 2 1 1 
1 32 1 8 1 4 1 3 0 2 2 3 0 0 4 3 2 1 1 
1 32 1 8 1 4 1 4 0 2 2 3 0 0 4 3 2 1 1 
1 32 1 8 1 4 4 4 0 2 2 3 0 0 4 3 2 1 1 
1 32 1 8 1 4 1 3 0 2 2 3 2 0 4 3 2 1 1 
3 32 1 3 65 0 0 1 0 2 3 3 2 1 4 0 2 0 1 
3 32 1 7 65 0 0 1 0 2 3 3 2 1 4 0 2 0 1 
3 32 2 3 65 0 0 1 0 2 3 3 2 1 4 0 2 0 1 
3 32 2 3 65 0 0 4 0 2 3 3 2 1 4 0 2 0 1 
3 32 2 10 65 0 0 4 0 2 3 3 2 1 4 0 2 0 1 
3 32 1 3 65 0 0 1 0 2 3 3 2 1 4 2 2 0 1 
0 32 1 8 1 4 1 3 0 2 2 3 0 0 4 0 2 1 1 
0 32 1 9 1 4 1 3 0 2 2 3 0 0 4 0 2 1 1 
2 1 4 3 65 3 0 1 0 0 1 2 0 2 4 3 2 0 1 
2 1 4 3 5 3 0 1 0 0 1 2 0 2 4 3 2 0 1 
0 32 1 3 65 3 0 3 0 2 2 3 1 0 4 3 2 0 1 
3 79 3 3 65 3 0 1 0 2 4 3 2 1 4 3 1 0 1 
3 32 1 9 65 4 0 1 0 2 2 3 0 1 4 0 1 0 1 
0 32 1 5 65 3 0 3 0 2 2 3 0 0 1 3 2 1 1 
0 32 1 5 65 3 0 3 1 2 2 3 0 0 1 3 2 1 1 
0 63 1 5 65 3 0 3 1 2 2 3 0 0 1 3 2 1 1 
0 32 1 5 65 3 0 3 1 2 2 3 1 0 1 3 2 1 1 
0 32 1 5 65 3 0 3 1 2 2 3 1 0 2 3 2 1 1 
1 32 1 5 65 3 0 3 1 2 2 3 1 0 1 3 2 1 1 
2 32 1 5 65 3 0 3 1 2 2 3 1 0 1 3 2 1 1 
2 77 1 5 65 3 0 3 1 2 2 3 1 0 1 3 2 1 1 
0 32 1 5 65 3 0 3 1 2 2 3 1 0 3 3 2 1 1 
0 65 1 5 65 3 0 3 1 2 2 3 1 0 3 3 2 1 1 
1 65 1 5 65 3 0 3 1 2 2 3 1 0 3 3 2 1 1 
1 65 1 5 65 3 0 3 1 2 2 3 1 2 3 3 2 1 1 
0 72 1 5 65 3 0 3 1 2 2 3 0 0 1 3 2 1 1 
1 72 1 5 65 3 0 3 1 2 2 3 0 0 1 3 2 1 1 
0 77 4 9 65 3 0 1 0 2 2 0 0 0 4 0 2 0 1 
0 77 4 9 65 3 0 4 0 2 2 0 0 0 4 0 2 0 1 
0 77 4 9 65 3 0 1 0 2 2 0 0 0 1 0 2 0 1 
0 77 4 9 65 3 0 1 0 2 3 0 0 0 4 0 2 0 1 
0 77 4 9 65 3 0 1 0 2 4 0 0 0 4 0 2 0 1 
0 77 4 9 65 0 0 1 0 2 3 0 0 0 4 0 2 0 1 
0 77 4 9 65 3 0 1 0 2 4 0 0 2 4 0 2 0 1 
0 32 1 9 65 4 0 1 0 2 2 3 0 1 4 0 1 0 1 
0 32 1 3 65 3 0 3 0 2 2 0 0 0 4 0 2 0 1 
0 32 3 0 65 3 2 1 1 0 2 3 0 2 4 3 2 1 1 
3 32 1 3 65 1 0 1 0 2 3 3 2 1 4 0 2 0 1 
0 32 1 8 1 4 1 3 0 0 2 3 0 0 4 3 2 1 1 
0 32 4 8 1 4 1 3 0 0 2 3 0 0 4 3 2 1 1 
0 32 1 9 65 3 0 1 0 0 2 0 0 0 4 3 2 0 1 
2 32 2 3 65 3 0 1 0 2 2 0 0 0 4 3 2 0 1 
0 32 1 9 65 3 0 1 0 2 3 0 0 0 4 3 1 0 1 
0 32 1 9 65 3 0 1 0 2 3 0 0 1 4 3 1 0 1 
0 80 1 9 65 3 0 1 0 2 3 0 0 1 4 3 1 0 1 
0 80 1 9 65 3 0 4 0 2 3 0 0 1 4 3 1 0 1 
0 80 1 9 65 3 0 1 0 2 3 0 0 2 4 3 1 0 1 
0 80 1 9 65 3 0 1 0 2 1 0 0 2 4 3 1 0 1 
0 80 1 9 65 4 0 1 0 2 1 0 0 2 4 3 1 0 1 
0 80 1 9 65 4 0 2 0 2 1 0 0 2 4 3 1 0 1 
0 80 4 9 65 4 0 2 0 2 1 0 0 2 4 3 1 0 1 
3 32 1 3 65 0 0 1 1 2 3 3 2 1 4 2 2 0 1 
0 32 1 3 65 0 0 1 1 2 3 3 2 1 4 2 2 0 1 
0 32 1 3 65 0 0 1 1 2 3 3 0 1 4 2 2 0 1 
1 32 1 3 65 0 0 1 1 2 3 3 0 1 4 2 2 0 1 
1 32 1 0 65 0 0 1 1 2 3 3 0 1 4 2 2 0 1 
1 32 1 0 65 0 0 1 1 2 3 3 0 1 4 0 2 0 1 
1 32 2 0 65 0 0 1 1 2 3 3 0 1 4 2 2 0 1 
1 78 1 3 65 0 0 1 1 2 3 3 0 1 4 2 2 0 1 
1 11 1 3 65 0 0 1 1 2 3 3 0 1 4 2 2 0 1 
0 32 2 0 65 0 0 1 1 2 3 3 0 1 4 2 2 0 1 
1 78 4 3 65 0 0 1 1 2 3 3 0 1 4 2 2 0 1 
1 78 4 3 63 0 0 1 1 2 3 3 0 1 4 2 2 0 1 
1 78 4 3 63 0 0 1 1 2 3 3 0 2 4 2 2 0 1 
1 78 4 5 65 0 0 1 1 2 3 3 0 1 4 2 2 0 1 
1 78 4 5 65 0 2 1 1 2 3 3 0 1 4 2 2 0 1 
1 78 4 5 65 0 0 1 1 2 3 0 0 1 4 2 2 0 1 
1 78 4 5 51 0 0 1 1 2 3 0 0 1 4 2 2 0 1 
1 78 4 5 65 0 0 1 1 2 3 0 0 1 4 2 2 0 0 
1 78 4 5 65 0 0 1 1 2 1 0 0 1 4 2 2 0 0 
1 78 4 5 65 0 0 1 1 2 3 0 0 1 4 2 2 1 0 
1 78 4 5 65 0 0 1 1 2 3 0 0 2 4 2 2 1 0 
1 78 0 5 65 0 2 1 1 2 3 3 0 1 4 2 2 0 1 
