0 1 1 9 64 2 0 2 0 1 2 3 1 2 4 3 1 1 1 
0 6 4 2 83 1 1 1 1 1 2 0 2 0 3 2 2 0 1 
0 6 4 2 83 1 1 1 1 1 1 0 2 0 3 2 2 0 1 
0 6 4 2 83 4 1 1 1 1 2 0 2 0 3 2 2 0 1 
0 6 4 2 83 4 1 1 1 1 2 0 2 2 3 2 2 0 1 
0 49 4 2 83 4 1 1 1 1 2 0 2 2 3 2 2 0 1 
0 49 4 2 83 4 1 1 1 1 2 0 2 2 1 2 2 0 1 
2 49 4 2 83 4 1 1 1 1 2 0 2 2 3 2 2 0 1 
0 49 4 5 83 4 1 1 1 1 2 0 2 2 3 2 2 0 1 
0 49 0 5 83 4 1 1 1 1 2 0 2 2 3 2 2 0 1 
2 49 0 5 83 4 1 1 1 1 2 0 2 2 3 2 2 0 1 
2 49 0 5 83 4 1 1 1 1 2 0 0 2 3 2 2 0 1 
2 49 0 5 83 4 1 1 1 1 1 0 0 2 3 2 2 0 1 
2 49 0 5 193 4 1 1 1 1 1 0 0 2 3 2 2 0 1 
2 49 0 5 83 4 0 1 1 1 2 0 0 2 3 2 2 0 1 
2 49 0 5 83 4 0 1 1 1 2 0 0 2 3 0 2 0 1 
0 49 0 5 83 4 0 1 1 1 2 0 0 2 3 2 2 0 1 
2 49 0 5 193 4 1 1 1 1 1 0 0 2 3 0 2 0 1 
2 49 0 5 193 4 1 1 1 1 1 0 0 2 3 3 2 0 1 
2 49 0 0 193 4 1 1 1 1 1 0 0 2 3 0 2 0 1 
0 49 4 5 85 4 1 1 1 1 2 0 2 2 3 2 2 0 1 
2 49 1 5 83 4 1 1 1 1 2 0 2 2 3 2 2 0 1 
2 57 1 5 83 4 1 1 1 1 2 0 2 2 3 2 2 0 1 
2 57 1 5 200 4 1 1 1 1 2 0 2 2 3 2 2 0 1 
2 57 1 5 200 4 0 1 1 1 2 0 2 2 3 2 2 0 1 
2 49 1 5 83 4 1 1 1 1 2 0 2 2 3 2 2 1 1 
2 65 1 5 83 4 1 1 1 1 2 0 2 2 3 2 2 1 1 
2 49 1 7 83 4 1 1 1 1 2 0 2 2 3 2 2 1 1 
2 65 1 0 83 4 1 1 1 1 2 0 2 2 3 2 2 1 1 
2 65 1 5 83 4 1 1 1 1 2 0 2 2 1 2 2 1 1 
2 57 1 5 200 4 0 1 1 1 2 0 0 2 3 2 2 0 1 
0 49 4 5 85 4 1 1 1 1 2 1 2 2 3 2 2 0 1 
0 49 4 5 85 4 1 1 1 1 2 1 2 0 3 2 2 0 1 
0 49 4 5 85 4 1 1 1 1 2 1 2 0 3 2 1 0 1 
0 49 4 5 85 4 1 1 1 0 2 1 2 0 3 2 1 0 1 
0 49 4 5 85 4 1 1 1 0 2 1 2 2 3 2 1 0 1 
0 49 4 0 85 4 1 1 1 0 2 1 2 2 3 2 1 0 1 
2 49 4 5 85 4 1 1 1 0 2 1 2 2 3 2 1 0 1 
0 49 4 0 85 4 1 1 1 0 1 1 2 2 3 2 1 0 1 
0 49 4 5 85 4 2 1 1 1 2 1 2 0 3 2 1 0 1 
0 49 4 6 85 4 1 1 1 0 2 1 2 0 3 2 1 0 1 
0 49 4 5 85 4 1 1 1 1 2 1 2 0 1 2 1 0 1 
0 49 4 0 85 4 1 1 0 0 1 1 2 2 3 2 1 0 1 
1 49 4 5 85 4 1 1 1 1 2 1 2 0 3 2 2 0 1 
0 49 4 5 85 4 1 1 1 1 2 1 2 0 1 2 1 0 0 
0 49 4 5 85 4 1 1 1 1 2 1 0 0 1 2 1 0 0 
0 49 4 0 85 4 1 1 1 1 2 1 0 0 1 2 1 0 0 
2 49 0 0 83 4 0 1 1 1 2 0 0 2 3 0 2 0 1 
0 49 4 5 85 4 1 1 1 1 2 1 2 0 1 2 1 1 1 
2 49 4 5 198 4 1 1 1 0 2 1 2 2 3 2 1 0 1 
2 49 4 5 198 4 1 1 1 0 2 1 2 2 4 2 1 0 1 
0 49 4 5 67 4 1 1 1 1 2 0 2 2 3 2 2 0 1 
0 49 4 5 67 4 1 1 1 1 1 0 2 2 3 2 2 0 1 
0 49 4 5 67 4 1 1 1 1 1 0 2 0 3 2 2 0 1 
0 49 4 5 189 4 1 1 1 1 1 0 2 0 3 2 2 0 1 
0 49 4 5 189 4 1 1 1 1 1 0 2 0 3 2 1 0 1 
0 49 0 5 83 4 1 1 1 1 2 0 0 2 3 2 2 0 1 
0 49 4 5 83 4 1 1 1 1 2 0 0 2 3 2 2 0 1 
0 49 0 5 83 4 1 1 1 1 2 0 0 2 3 2 2 0 0 
0 49 0 5 83 4 1 1 1 1 2 0 0 2 4 2 2 0 0 
0 49 0 5 83 4 1 1 1 1 2 0 0 2 4 2 2 1 0 
0 49 2 5 83 4 1 1 1 1 2 0 0 2 4 2 2 1 0 
0 61 2 5 83 4 1 1 1 1 2 0 0 2 4 2 2 1 0 
0 49 0 5 83 4 1 1 1 1 2 0 0 0 4 2 2 0 0 
0 49 2 5 83 4 1 1 1 1 2 0 0 2 4 3 2 1 0 
0 49 1 5 83 4 1 1 1 1 2 0 0 2 3 2 2 0 0 
0 49 1 5 83 4 1 1 1 1 2 0 0 0 3 2 2 0 0 
0 49 0 5 83 0 1 1 1 1 2 0 0 2 3 2 2 0 0 
1 49 0 5 83 4 1 1 1 1 2 0 0 2 4 2 2 1 0 
0 49 0 5 83 0 1 1 1 1 2 0 0 2 3 2 2 0 1 
0 49 0 5 83 0 1 1 1 1 1 0 0 2 3 2 2 0 1 
0 49 0 5 83 0 1 1 1 1 1 0 0 2 3 0 2 0 1 
0 49 0 5 83 0 0 1 1 1 1 0 0 2 3 2 2 0 1 
2 49 2 5 83 4 0 1 1 1 2 0 0 2 3 0 2 0 1 
2 49 2 5 31 4 0 1 1 1 2 0 0 2 3 0 2 0 1 
2 49 2 5 137 4 0 1 1 1 2 0 0 2 3 0 2 0 1 
0 49 4 5 85 4 1 1 1 1 2 0 2 0 3 2 2 0 1 
0 49 4 10 85 4 1 1 1 1 2 0 2 0 3 2 2 0 1 
0 55 4 5 85 4 1 1 1 1 2 1 2 0 1 2 1 0 1 
0 55 4 5 85 4 1 1 1 1 2 1 2 0 1 0 1 0 1 
1 55 4 5 85 4 1 1 1 1 2 1 2 0 1 2 1 0 1 
2 49 0 0 83 4 0 1 1 0 2 0 0 2 3 0 2 0 1 
2 49 0 0 105 4 0 1 1 0 2 0 0 2 3 0 2 0 1 
2 49 1 0 83 4 0 1 1 0 2 0 0 2 3 0 2 0 1 
2 45 0 0 83 4 0 1 1 0 2 0 0 2 3 0 2 0 1 
2 1 1 0 83 4 0 1 1 0 2 0 0 2 3 0 2 0 1 
2 1 1 0 1 4 0 1 1 0 2 0 0 2 3 0 2 0 1 
2 1 1 0 1 4 0 2 1 0 2 0 0 2 3 0 2 0 1 
2 1 1 0 83 4 0 1 1 0 2 3 0 2 3 0 2 0 1 
2 1 1 0 1 4 1 2 1 0 2 0 0 2 3 0 2 0 1 
2 1 1 0 1 4 1 2 1 0 2 0 0 2 3 0 1 0 1 
0 49 0 5 67 4 1 1 1 1 2 0 2 2 3 2 2 0 1 
0 61 2 7 83 4 1 1 1 1 2 0 0 2 4 2 2 1 0 
2 49 1 5 83 0 1 1 1 1 2 0 2 2 3 2 2 0 1 
2 49 1 5 83 3 1 1 1 1 2 0 2 2 3 2 2 0 1 
2 49 1 5 33 3 1 1 1 1 2 0 2 2 3 2 2 0 1 
2 49 1 5 33 3 3 1 1 1 2 0 2 2 3 2 2 0 1 
2 49 0 5 33 3 3 1 1 1 2 0 2 2 3 2 2 0 1 
0 49 1 5 83 0 1 1 1 1 2 0 2 2 3 2 2 0 1 
2 49 0 5 33 3 3 1 1 1 2 1 2 2 3 2 2 0 1 
2 49 0 5 33 3 3 1 1 1 2 1 2 0 3 2 2 0 1 
2 49 0 5 33 3 3 1 1 1 2 1 2 2 3 2 2 1 1 
2 49 0 5 33 3 3 1 1 1 2 1 2 1 3 2 2 0 1 
2 49 0 5 33 3 3 1 0 1 2 1 2 1 3 2 2 0 1 
2 52 0 5 33 3 3 1 0 1 2 1 2 1 3 2 2 0 1 
2 49 0 5 33 3 3 1 1 1 3 1 2 1 3 2 2 0 1 
2 49 0 5 33 3 3 1 1 1 3 1 2 1 3 0 2 0 1 
2 49 0 5 33 4 3 1 1 1 3 1 2 1 3 0 2 0 1 
2 49 0 5 33 3 3 1 1 1 2 1 2 2 1 2 2 1 1 
2 49 0 5 33 4 3 1 1 1 2 1 2 2 1 2 2 1 1 
2 1 0 5 33 4 3 1 1 1 2 1 2 2 1 2 2 1 1 
2 1 0 5 33 4 4 1 1 1 2 1 2 2 1 2 2 1 1 
2 1 0 5 33 4 4 1 1 1 2 0 2 2 1 2 2 1 1 
2 1 0 5 33 4 4 1 1 1 3 1 2 2 1 2 2 1 1 
2 49 1 5 83 0 1 2 1 1 2 0 2 2 3 2 2 0 1 
2 52 1 5 33 3 3 1 0 1 2 1 2 1 3 2 2 0 1 
2 52 1 6 33 3 3 1 0 1 2 1 2 1 3 2 2 0 1 
2 52 1 6 33 3 0 1 0 1 2 1 2 1 3 2 2 0 1 
0 52 1 6 33 3 0 1 0 1 2 1 2 1 3 2 2 0 1 
0 52 2 6 33 3 0 1 0 1 2 1 2 1 3 2 2 0 1 
2 52 1 6 33 3 3 1 0 1 4 1 2 1 3 2 2 0 1 
2 52 1 6 33 3 3 1 0 1 4 3 2 1 3 2 2 0 1 
2 52 1 6 33 3 2 1 0 1 2 1 2 1 3 2 2 0 1 
2 52 1 6 33 3 2 1 0 1 4 1 2 1 3 2 2 0 1 
0 52 2 6 135 3 0 1 0 1 2 1 2 1 3 2 2 0 1 
0 52 1 6 33 3 2 1 0 1 4 1 2 1 3 2 2 0 1 
2 52 1 6 33 3 3 1 0 1 4 1 2 1 3 0 2 0 1 
2 52 2 6 33 3 0 1 0 1 2 1 2 1 3 2 2 0 1 
2 52 2 6 33 0 0 1 0 1 2 1 2 1 3 2 2 0 1 
2 52 2 6 33 3 0 1 0 1 2 1 2 1 1 2 2 0 1 
2 52 2 6 33 3 0 1 0 1 2 0 2 1 1 2 2 0 1 
3 52 2 6 33 3 0 1 0 1 2 0 2 1 1 2 2 0 1 
2 52 2 6 33 3 0 1 0 1 2 1 2 1 3 2 1 0 1 
2 52 2 6 96 3 0 1 0 1 2 1 2 1 1 2 2 0 1 
2 55 2 6 96 3 0 1 0 1 2 1 2 1 1 2 2 0 1 
2 52 2 6 200 3 0 1 0 1 2 1 2 1 1 2 2 0 1 
2 52 2 6 96 3 0 1 0 1 2 1 2 1 1 2 1 0 1 
2 52 4 6 96 3 0 1 0 1 2 1 2 1 1 2 1 0 1 
2 52 4 6 96 3 0 1 0 1 1 1 2 1 1 2 1 0 1 
2 52 4 6 96 3 0 1 0 1 4 1 2 1 1 2 1 0 1 
2 52 4 6 96 3 0 1 0 1 1 0 2 1 1 2 1 0 1 
2 52 2 7 200 3 0 1 0 1 2 1 2 1 1 2 2 0 1 
2 52 4 6 57 3 0 1 0 1 2 1 2 1 1 2 1 0 1 
2 52 4 6 96 3 0 1 0 1 1 0 0 1 1 2 1 0 1 
2 52 4 10 96 3 0 1 0 1 1 0 0 1 1 2 1 0 1 
2 52 4 6 57 3 0 1 0 1 2 1 2 1 2 2 1 0 1 
2 77 4 6 57 3 0 1 0 1 2 1 2 1 2 2 1 0 1 
2 77 4 10 57 3 0 1 0 1 2 1 2 1 2 2 1 0 1 
2 77 4 10 57 3 0 4 0 1 2 1 2 1 2 2 1 0 1 
2 77 4 10 57 3 0 1 0 1 2 1 2 1 1 2 1 0 1 
2 52 4 6 96 3 0 3 0 1 4 1 2 1 1 2 1 0 1 
2 80 4 6 96 3 0 3 0 1 4 1 2 1 1 2 1 0 1 
2 80 4 0 96 3 0 3 0 1 4 1 2 1 1 2 1 0 1 
2 78 4 0 96 3 0 3 0 1 4 1 2 1 1 2 1 0 1 
2 79 4 0 96 3 0 3 0 1 4 1 2 1 1 2 1 0 1 
2 80 4 6 96 3 4 3 0 1 4 1 2 1 1 2 1 0 1 
0 52 2 6 33 3 0 1 0 1 2 1 0 1 3 2 2 0 1 
0 52 2 6 81 3 0 1 0 1 2 1 0 1 3 2 2 0 1 
0 52 2 6 81 3 0 1 0 1 2 2 0 1 3 2 2 0 1 
0 9 2 6 81 3 0 1 0 1 2 2 0 1 3 2 2 0 1 
0 9 2 6 81 3 0 1 0 1 2 2 0 1 1 2 2 0 1 
0 52 2 6 102 3 0 1 0 1 2 2 0 1 3 2 2 0 1 
0 72 2 6 102 3 0 1 0 1 2 2 0 1 3 2 2 0 1 
0 52 2 8 102 3 0 1 0 1 2 2 0 1 3 2 2 0 1 
0 52 2 8 102 3 0 1 0 1 2 2 0 1 4 2 2 0 1 
0 52 2 6 169 3 0 1 0 1 2 1 0 1 3 2 2 0 1 
0 52 2 6 169 4 0 1 0 1 2 1 0 1 3 2 2 0 1 
0 9 2 6 83 3 0 1 0 1 2 2 0 1 1 2 2 0 1 
0 9 2 6 83 3 0 1 0 1 1 2 0 1 1 2 2 0 1 
0 65 2 6 83 3 0 1 0 1 1 2 0 1 1 2 2 0 1 
0 65 2 10 83 3 0 1 0 1 1 2 0 1 1 2 2 0 1 
0 65 0 10 83 3 0 1 0 1 1 2 0 1 1 2 2 0 1 
0 65 0 10 83 4 0 1 0 1 1 2 0 1 1 2 2 0 1 
0 65 0 10 83 4 0 1 0 1 1 2 1 1 1 2 2 0 1 
0 65 2 10 83 3 0 1 0 1 1 2 1 1 1 2 2 0 1 
0 65 2 0 83 3 0 1 0 1 1 2 1 1 1 2 2 0 1 
0 65 2 0 83 4 0 1 0 1 1 2 1 1 1 2 2 0 1 
0 76 2 0 83 4 0 1 0 1 1 2 1 1 1 2 2 0 1 
0 76 2 0 83 4 0 3 0 1 1 2 1 1 1 2 2 0 1 
0 65 2 6 83 3 0 1 0 1 1 3 0 1 1 2 2 0 1 
0 9 2 6 81 3 0 1 0 1 1 2 0 1 1 2 2 0 1 
0 9 2 6 81 3 0 1 0 0 1 2 0 1 1 2 2 0 1 
0 52 2 6 169 3 0 1 0 1 2 1 0 2 3 2 2 0 1 
0 52 2 6 169 3 0 1 0 1 2 1 0 2 3 0 2 0 1 
0 52 2 6 169 3 0 1 0 1 2 0 0 2 3 0 2 0 1 
0 52 2 6 169 3 1 1 0 1 2 1 0 2 3 2 2 0 1 
0 52 2 6 169 3 1 1 0 1 2 0 0 2 3 2 2 0 1 
0 52 2 6 169 3 1 1 0 1 2 0 0 2 1 2 2 0 1 
0 23 2 6 169 3 1 1 0 1 2 0 0 2 3 2 2 0 1 
0 52 2 6 169 3 1 1 0 1 2 0 0 2 4 2 2 0 1 
0 52 2 6 41 3 1 1 0 1 2 0 0 2 1 2 2 0 1 
0 52 2 6 41 3 1 3 0 1 2 0 0 2 1 2 2 0 1 
0 52 2 6 41 3 1 3 0 1 2 0 0 2 1 2 2 1 1 
0 52 2 0 41 3 1 3 0 1 2 0 0 2 1 2 2 0 1 
0 1 2 0 41 3 1 3 0 1 2 0 0 2 1 2 2 0 1 
0 52 2 6 41 3 1 3 0 1 4 0 0 2 1 2 2 1 1 
0 52 2 6 41 3 1 3 0 1 4 0 0 2 2 2 2 1 1 
0 52 2 6 41 3 1 3 0 1 4 0 0 2 1 2 2 0 1 
0 1 2 0 41 3 1 3 0 1 2 0 0 0 1 2 2 0 1 
0 1 2 0 1 3 1 3 0 1 2 0 0 0 1 2 2 0 1 
0 1 2 0 1 3 1 1 0 1 2 0 0 0 1 2 2 0 1 
0 1 2 0 1 3 1 1 0 1 2 0 0 0 1 3 2 0 1 
0 1 2 0 1 3 1 1 0 1 2 0 0 2 1 3 2 0 1 
0 1 2 0 1 3 1 3 0 1 2 0 2 0 1 2 2 0 1 
0 52 2 6 200 3 1 3 0 1 4 0 0 2 1 2 2 1 1 
0 21 2 6 200 3 1 3 0 1 4 0 0 2 1 2 2 1 1 
0 52 2 6 169 3 1 1 0 1 2 0 0 2 2 2 2 0 1 
0 52 2 6 169 3 0 1 0 1 2 0 0 2 2 2 2 0 1 
0 52 2 6 169 3 0 1 0 1 2 3 0 2 2 2 2 0 1 
0 52 2 10 169 3 0 1 0 1 2 3 0 2 2 2 2 0 1 
0 52 2 6 169 3 0 1 0 1 2 3 1 2 2 2 2 0 1 
0 52 2 10 169 3 0 1 0 1 3 3 0 2 2 2 2 0 1 
0 52 2 6 169 3 0 1 1 1 2 3 1 2 2 2 2 0 1 
0 52 2 6 55 3 0 1 0 1 2 3 1 2 2 2 2 0 1 
0 52 2 8 197 3 0 1 0 1 2 2 0 1 3 2 2 0 1 
0 52 2 6 197 3 0 1 0 1 2 2 0 1 3 2 2 0 1 
0 9 2 6 81 3 2 1 0 0 1 2 0 1 1 2 2 0 1 
0 9 2 6 73 3 2 1 0 0 1 2 0 1 1 2 2 0 1 
0 9 2 6 73 3 2 1 0 0 1 2 2 1 1 2 2 0 1 
0 9 2 9 73 3 2 1 0 0 1 2 0 1 1 2 2 0 1 
0 9 2 9 73 0 2 1 0 0 1 2 0 1 1 2 2 0 1 
1 9 2 9 73 0 2 1 0 0 1 2 0 1 1 2 2 0 1 
1 9 2 9 87 0 2 1 0 0 1 2 0 1 1 2 2 0 1 
1 9 2 9 73 0 2 1 0 0 1 2 0 1 1 2 2 1 1 
0 9 2 9 73 3 2 1 0 0 1 2 0 1 1 2 2 0 0 
0 9 2 9 73 3 2 1 0 0 1 0 0 1 1 2 2 0 0 
0 9 2 9 73 3 0 1 0 0 1 0 0 1 1 2 2 0 0 
1 9 2 9 73 0 2 1 0 0 1 2 0 1 1 3 2 0 1 
0 9 2 6 81 3 2 1 0 0 1 2 2 1 1 2 2 0 1 
0 9 2 9 73 2 2 1 0 0 1 2 0 1 1 2 2 0 1 
0 52 2 0 41 3 1 3 0 1 2 0 0 2 3 2 2 0 1 
0 52 2 0 41 3 0 3 0 1 2 0 0 2 3 2 2 0 1 
0 52 2 0 41 0 0 3 0 1 2 0 0 2 3 2 2 0 1 
0 52 2 0 41 0 2 3 0 1 2 0 0 2 3 2 2 0 1 
0 52 2 0 41 0 0 1 0 1 2 0 0 2 3 2 2 0 1 
0 52 2 0 41 0 0 1 0 1 2 0 0 2 3 2 2 1 1 
0 52 2 0 41 0 0 1 0 1 1 0 0 2 3 2 2 1 1 
0 52 2 0 41 0 0 1 0 1 1 0 0 2 3 2 2 1 0 
0 52 2 0 41 1 0 1 0 1 1 0 0 2 3 2 2 1 1 
0 52 2 0 41 1 0 1 0 1 4 0 0 2 3 2 2 1 1 
0 52 2 0 41 1 0 1 0 1 4 0 2 2 3 2 2 1 1 
0 52 2 0 41 1 0 1 0 1 4 1 0 2 3 2 2 1 1 
0 52 2 0 41 1 0 1 0 1 1 0 0 2 3 2 2 1 0 
0 52 2 0 37 1 0 1 0 1 1 0 0 2 3 2 2 1 0 
0 52 2 0 41 3 0 1 0 1 4 0 2 2 3 2 2 1 1 
0 48 2 0 41 3 0 1 0 1 4 0 2 2 3 2 2 1 1 
0 48 2 0 29 3 0 1 0 1 4 0 2 2 3 2 2 1 1 
0 48 2 0 29 3 0 1 0 1 1 0 2 2 3 2 2 1 1 
0 48 2 0 29 3 0 4 0 1 4 0 2 2 3 2 2 1 1 
0 48 2 6 29 3 0 1 0 1 1 0 2 2 3 2 2 1 1 
0 48 2 0 29 3 0 4 0 1 4 0 2 2 1 2 2 1 1 
0 48 2 0 29 3 0 4 0 1 4 0 2 2 1 3 2 1 1 
0 48 2 0 29 3 0 1 0 1 4 0 2 2 1 2 2 1 1 
0 48 2 0 29 3 0 1 0 1 4 0 0 2 1 2 2 1 1 
0 48 2 6 29 3 0 4 0 1 1 0 2 2 3 2 2 1 1 
0 52 2 0 41 3 0 1 1 1 4 0 2 2 3 2 2 1 1 
0 48 2 6 29 3 0 1 0 1 1 0 2 2 4 2 2 1 1 
0 48 2 0 29 3 0 1 0 1 1 0 2 2 4 2 2 1 1 
0 1 2 0 29 3 0 1 0 1 1 0 2 2 4 2 2 1 1 
0 1 2 0 29 3 1 1 0 1 1 0 2 2 4 2 2 1 1 
0 1 2 0 29 3 0 1 0 1 1 1 2 2 4 2 2 1 1 
0 48 2 0 41 3 0 1 0 1 4 2 2 2 3 2 2 1 1 
0 48 2 0 41 3 0 1 0 1 4 2 2 2 3 3 2 1 1 
0 48 2 0 41 3 0 1 0 1 1 2 2 2 3 3 2 1 1 
0 48 2 0 50 3 0 1 0 1 1 2 2 2 3 3 2 1 1 
0 52 3 0 41 3 0 1 0 1 4 0 2 2 3 2 2 1 1 
0 52 3 0 41 4 0 1 0 1 4 0 2 2 3 2 2 1 1 
0 65 3 0 41 4 0 1 0 1 4 0 2 2 3 2 2 1 1 
1 52 3 0 41 3 0 1 0 1 4 0 2 2 3 2 2 1 1 
3 52 3 0 41 3 0 1 0 1 4 0 2 2 3 2 2 1 1 
3 1 3 0 41 3 0 1 0 1 4 0 2 2 3 2 2 1 1 
3 1 3 0 41 3 0 1 0 1 4 0 0 2 3 2 2 1 1 
0 48 2 6 157 3 0 1 0 1 1 0 2 2 4 2 2 1 1 
0 48 2 6 157 3 0 1 0 1 1 0 2 2 4 0 2 1 1 
0 48 2 6 29 3 0 4 0 1 1 0 2 2 3 2 2 0 1 
2 48 2 6 29 3 0 4 0 1 1 0 2 2 3 2 2 0 1 
2 17 2 6 29 3 0 4 0 1 1 0 2 2 3 2 2 0 1 
0 9 2 6 73 0 2 1 0 0 1 2 0 1 1 2 2 0 1 
0 52 2 6 45 3 1 3 0 1 2 0 0 2 1 2 2 0 1 
0 52 2 0 45 3 1 3 0 1 2 0 0 2 1 2 2 0 1 
1 1 2 0 29 3 0 1 0 1 1 1 2 2 4 2 2 1 1 
1 1 2 0 29 3 0 1 0 1 1 1 2 2 1 2 2 1 1 
1 1 2 0 13 3 0 1 0 1 1 1 2 2 1 2 2 1 1 
1 1 0 0 13 3 0 1 0 1 1 1 2 2 1 2 2 1 1 
1 27 0 0 13 3 0 1 0 1 1 1 2 2 1 2 2 1 1 
1 1 0 0 13 3 0 1 0 1 1 1 2 2 1 0 2 1 1 
1 27 0 0 13 3 0 3 0 1 1 1 2 2 1 2 2 1 1 
1 27 0 0 51 3 0 3 0 1 1 1 2 2 1 2 2 1 1 
1 27 0 0 51 3 0 3 0 1 1 0 2 2 1 2 2 1 1 
1 27 0 0 184 3 0 3 0 1 1 0 2 2 1 2 2 1 1 
1 27 0 0 184 0 0 3 0 1 1 0 2 2 1 2 2 1 1 
1 27 4 0 184 0 0 3 0 1 1 0 2 2 1 2 2 1 1 
1 27 4 0 158 0 0 3 0 1 1 0 2 2 1 2 2 1 1 
1 27 4 0 1 0 0 3 0 1 1 0 2 2 1 2 2 1 1 
1 27 4 5 158 0 0 3 0 1 1 0 2 2 1 2 2 1 1 
1 27 4 8 158 0 0 3 0 1 1 0 2 2 1 2 2 1 1 
1 27 4 9 158 0 0 3 0 1 1 0 2 2 1 2 2 1 1 
2 27 4 9 158 0 0 3 0 1 1 0 2 2 1 2 2 1 1 
2 76 4 9 158 0 0 3 0 1 1 0 2 2 1 2 2 1 1 
2 76 4 10 158 0 0 3 0 1 1 0 2 2 1 2 2 1 1 
1 27 0 0 51 3 0 3 0 1 1 1 2 2 1 2 1 1 1 
1 27 0 0 51 3 0 1 0 1 1 1 2 2 1 2 1 1 1 
1 27 0 0 37 3 0 1 0 1 1 1 2 2 1 2 1 1 1 
1 27 0 0 37 3 0 1 0 1 1 1 0 2 1 2 1 1 1 
1 27 0 0 37 3 0 1 0 1 1 1 2 2 2 2 1 1 1 
2 27 0 0 37 3 0 1 0 1 1 1 2 2 2 2 1 1 1 
2 27 0 0 37 3 0 4 0 1 1 1 2 2 2 2 1 1 1 
1 27 0 0 37 3 0 1 0 1 1 0 2 2 2 2 1 1 1 
2 27 0 0 37 3 0 1 0 1 1 1 0 2 2 2 1 1 1 
1 27 0 0 183 3 0 1 0 1 1 0 2 2 2 2 1 1 1 
1 27 0 0 37 3 0 1 0 1 1 1 2 2 1 2 1 1 0 
1 27 4 0 37 3 0 1 0 1 1 1 2 2 1 2 1 1 0 
1 27 0 0 37 0 0 1 0 1 1 1 2 2 1 2 1 1 0 
2 27 0 0 37 3 0 4 0 1 1 0 2 2 2 2 1 1 1 
2 27 0 0 37 0 0 1 0 1 1 1 0 2 2 2 1 1 1 
2 27 0 0 37 0 0 2 0 1 1 1 0 2 2 2 1 1 1 
1 27 0 0 57 3 0 1 0 1 1 1 2 2 1 2 1 1 1 
2 33 0 0 37 0 0 1 0 1 1 1 0 2 2 2 1 1 1 
0 27 0 0 37 3 0 4 0 1 1 1 2 2 2 2 1 1 1 
0 51 0 0 37 3 0 4 0 1 1 1 2 2 2 2 1 1 1 
0 51 0 0 37 3 0 4 0 1 1 1 2 2 2 0 1 1 1 
0 51 0 0 37 3 0 4 0 2 1 1 2 2 2 0 1 1 1 
0 51 0 0 37 0 0 4 0 2 1 1 2 2 2 0 1 1 1 
0 51 0 0 37 0 3 4 0 2 1 1 2 2 2 0 1 1 1 
0 51 0 0 37 0 3 1 0 2 1 1 2 2 2 0 1 1 1 
0 51 0 0 37 0 3 1 0 2 1 1 2 2 2 0 1 1 0 
0 51 0 0 37 0 3 1 0 2 1 1 2 0 2 0 1 1 0 
0 51 0 5 37 0 3 1 0 2 1 1 2 0 2 0 1 1 0 
0 27 0 0 166 3 0 4 0 1 1 1 2 2 2 2 1 1 1 
0 51 0 0 133 3 0 4 0 1 1 1 2 2 2 0 1 1 1 
0 51 0 0 133 3 0 4 0 1 1 1 0 2 2 0 1 1 1 
0 45 0 0 133 3 0 4 0 1 1 1 2 2 2 0 1 1 1 
0 45 0 0 133 4 0 4 0 1 1 1 2 2 2 0 1 1 1 
0 51 0 0 200 3 0 4 0 1 1 1 0 2 2 0 1 1 1 
0 51 0 1 133 3 0 4 0 1 1 1 2 2 2 0 1 1 1 
0 27 0 0 37 3 0 4 0 1 1 0 2 2 2 2 1 1 1 
0 51 0 8 133 3 0 4 0 1 1 1 0 2 2 0 1 1 1 
0 51 0 8 200 3 0 4 0 1 1 1 0 2 2 0 1 1 1 
0 51 0 8 200 4 0 4 0 1 1 1 0 2 2 0 1 1 1 
0 51 0 8 200 4 0 4 0 1 2 1 0 2 2 0 1 1 1 
0 51 0 0 200 4 0 4 0 1 2 1 0 2 2 0 1 1 1 
0 51 0 8 200 4 0 4 0 1 2 2 0 2 2 0 1 1 1 
0 70 0 8 200 4 0 4 0 1 2 2 0 2 2 0 1 1 1 
0 51 0 0 57 0 0 4 0 2 1 1 2 2 2 0 1 1 1 
0 43 0 0 37 3 0 4 0 1 1 1 2 2 2 0 1 1 1 
0 43 0 0 185 3 0 4 0 1 1 1 2 2 2 0 1 1 1 
0 43 0 0 37 4 0 4 0 1 1 1 2 2 2 0 1 1 1 
0 43 0 0 37 4 0 1 0 1 1 1 2 2 2 0 1 1 1 
0 43 0 0 37 4 0 1 0 1 1 1 2 2 1 0 1 1 1 
2 43 0 0 37 4 0 4 0 1 1 1 2 2 2 0 1 1 1 
2 43 0 0 37 4 0 4 0 0 1 1 2 2 2 0 1 1 1 
2 1 0 0 37 4 0 4 0 0 1 1 2 2 2 0 1 1 1 
0 43 0 0 37 0 0 1 0 1 1 1 2 2 2 0 1 1 1 
0 1 0 0 37 0 0 1 0 1 1 1 2 2 2 0 1 1 1 
0 1 0 0 37 0 0 1 1 1 1 1 2 2 2 0 1 1 1 
0 57 0 0 37 0 0 1 0 1 1 1 2 2 2 0 1 1 1 
0 57 0 0 37 0 0 1 0 1 4 1 2 2 2 0 1 1 1 
0 43 0 0 37 4 0 1 0 1 1 1 2 2 2 2 1 1 1 
3 43 0 0 37 4 0 1 0 1 1 1 2 2 2 2 1 1 1 
2 1 0 0 37 4 0 4 0 0 1 1 2 2 1 0 1 1 1 
2 1 0 0 37 4 0 4 0 0 3 1 2 2 1 0 1 1 1 
2 1 0 0 37 4 0 4 0 0 4 1 2 2 1 0 1 1 1 
2 1 0 0 13 4 0 4 0 0 4 1 2 2 1 0 1 1 1 
2 1 0 0 37 4 0 4 0 0 3 1 2 2 1 0 2 1 1 
2 1 0 0 37 4 0 4 0 0 3 0 2 2 1 0 2 1 1 
0 43 0 0 37 4 0 1 0 1 3 1 2 2 2 0 1 1 1 
0 43 0 0 37 4 0 4 0 1 3 1 2 2 2 0 1 1 1 
0 43 0 0 185 3 0 4 0 1 1 1 2 2 2 2 1 1 1 
0 45 0 0 75 4 0 4 0 1 1 1 2 2 2 0 1 1 1 
0 45 0 0 75 0 0 4 0 1 1 1 2 2 2 0 1 1 1 
0 45 0 0 75 0 0 4 0 1 1 1 2 2 2 0 2 1 1 
0 45 0 3 75 0 0 4 0 1 1 1 2 2 2 0 1 1 1 
2 27 0 0 37 3 0 4 0 1 1 0 0 2 2 2 1 1 1 
2 1 0 0 37 4 0 1 0 0 1 1 2 2 2 0 1 1 1 
2 1 0 0 37 0 0 1 0 0 1 1 2 2 2 0 1 1 1 
2 51 0 0 37 3 0 4 0 1 1 1 2 2 2 2 1 1 1 
3 51 0 0 37 3 0 4 0 1 1 1 2 2 2 2 1 1 1 
2 51 0 0 37 3 0 4 0 0 1 1 2 2 2 2 1 1 1 
0 51 0 0 133 3 0 4 0 1 1 1 0 2 2 0 2 1 1 
0 23 0 0 133 3 0 4 0 1 1 1 0 2 2 0 2 1 1 
0 51 0 0 133 3 0 4 0 1 1 1 0 2 2 2 2 1 1 
0 51 0 0 133 3 0 4 0 0 1 1 0 2 2 2 2 1 1 
0 41 0 0 133 3 0 4 0 0 1 1 0 2 2 2 2 1 1 
0 41 0 0 133 4 0 4 0 0 1 1 0 2 2 2 2 1 1 
0 51 0 3 133 3 0 4 0 0 1 1 0 2 2 2 2 1 1 
0 15 0 3 133 3 0 4 0 0 1 1 0 2 2 2 2 1 1 
0 15 0 0 133 3 0 4 0 0 1 1 0 2 2 2 2 1 1 
0 15 0 3 133 3 0 4 0 0 1 2 0 2 2 2 2 1 1 
0 15 0 3 133 3 0 4 0 0 1 2 0 2 2 3 2 1 1 
0 15 0 3 133 3 0 4 0 0 1 2 0 2 2 3 2 0 1 
0 23 0 0 133 3 0 4 0 1 1 1 0 2 4 0 2 1 1 
0 41 0 0 133 4 0 1 0 0 1 1 0 2 2 2 2 1 1 
0 43 0 0 133 3 0 4 0 0 1 1 0 2 2 2 2 1 1 
0 41 0 0 133 3 0 4 0 1 1 1 0 2 2 2 2 1 1 
0 80 0 0 133 3 0 4 0 1 1 1 0 2 2 2 2 1 1 
0 80 4 0 133 3 0 4 0 1 1 1 0 2 2 2 2 1 1 
0 15 2 3 133 3 0 4 0 0 1 2 0 2 2 2 2 1 1 
0 15 2 10 133 3 0 4 0 0 1 2 0 2 2 2 2 1 1 
0 15 2 10 133 3 0 4 0 0 1 2 0 2 2 0 2 1 1 
0 15 0 10 133 3 0 4 0 0 1 2 0 2 2 0 2 1 1 
0 15 3 10 133 3 0 4 0 0 1 2 0 2 2 2 2 1 1 
0 15 3 10 133 3 0 4 0 0 1 0 0 2 2 2 2 1 1 
0 15 3 10 133 3 0 4 0 0 1 0 0 2 2 0 2 1 1 
0 15 3 10 133 3 0 4 0 0 1 0 0 2 3 0 2 1 1 
0 15 3 10 133 3 0 4 0 0 1 2 0 2 3 0 2 1 1 
0 15 0 6 133 3 0 4 0 0 1 2 0 2 2 3 2 0 1 
0 41 0 0 133 4 0 1 0 0 1 3 0 2 2 2 2 1 1 
1 41 0 0 133 3 0 4 0 0 1 1 0 2 2 2 2 1 1 
1 41 0 0 133 3 0 4 0 0 1 0 0 2 2 2 2 1 1 
0 15 0 3 133 3 0 4 0 1 1 2 0 2 2 2 2 1 1 
2 33 2 0 37 0 0 1 0 1 1 1 0 2 2 2 1 1 1 
2 33 2 0 37 0 0 2 0 1 1 1 0 2 2 2 1 1 1 
2 33 2 0 37 0 0 2 0 1 1 0 0 2 2 2 1 1 1 
2 33 2 0 37 0 0 3 0 1 1 0 0 2 2 2 1 1 1 
2 47 2 0 37 0 0 3 0 1 1 0 0 2 2 2 1 1 1 
2 47 2 0 37 0 0 3 0 1 1 0 2 2 2 2 1 1 1 
2 47 2 0 37 0 0 3 0 1 1 0 2 2 2 0 1 1 1 
2 42 2 0 37 0 0 2 0 1 1 0 0 2 2 2 1 1 1 
2 42 4 0 37 0 0 2 0 1 1 0 0 2 2 2 1 1 1 
2 42 4 0 37 0 0 1 0 1 1 0 0 2 2 2 1 1 1 
2 42 4 0 37 0 4 1 0 1 1 0 0 2 2 2 1 1 1 
0 42 4 0 37 0 0 1 0 1 1 0 0 2 2 2 1 1 1 
2 33 3 0 37 0 0 2 0 1 1 1 0 2 2 2 1 1 1 
2 33 3 0 37 3 0 2 0 1 1 1 0 2 2 2 1 1 1 
2 33 3 0 37 3 0 2 0 1 1 1 0 2 1 2 1 1 1 
2 42 4 0 37 4 4 1 0 1 1 0 0 2 2 2 1 1 1 
2 33 2 0 37 0 0 3 0 1 3 0 0 2 2 2 1 1 1 
2 33 2 0 37 0 0 3 0 0 3 0 0 2 2 2 1 1 1 
2 33 2 0 37 0 0 3 0 1 3 0 0 2 3 2 1 1 1 
2 33 2 0 37 0 0 3 0 1 3 0 0 2 2 2 1 1 0 
2 42 2 0 37 0 0 3 0 1 3 0 0 2 2 2 1 1 1 
2 45 0 0 37 4 0 4 0 0 3 1 2 2 1 0 2 1 1 
2 45 4 0 37 4 0 4 0 0 3 1 2 2 1 0 2 1 1 
2 45 4 0 37 4 0 4 0 0 3 1 2 2 1 3 2 1 1 
2 45 4 0 25 4 0 4 0 0 3 1 2 2 1 3 2 1 1 
2 45 4 0 25 0 0 4 0 0 3 1 2 2 1 3 2 1 1 
2 45 4 0 37 4 0 4 0 0 3 1 2 2 1 3 2 0 1 
2 1 4 0 37 4 0 4 0 0 3 1 2 2 1 3 2 0 1 
0 79 0 0 133 3 0 4 0 1 1 1 2 2 2 0 1 1 1 
0 64 0 0 133 3 0 4 0 1 1 1 0 2 4 0 2 1 1 
0 64 0 0 133 3 0 4 0 1 1 1 1 2 4 0 2 1 1 
0 64 0 0 133 3 0 1 0 1 1 1 1 2 4 0 2 1 1 
0 64 0 0 112 3 0 1 0 1 1 1 1 2 4 0 2 1 1 
0 64 0 0 112 3 0 3 0 1 1 1 1 2 4 0 2 1 1 
0 64 0 0 112 4 0 3 0 1 1 1 1 2 4 0 2 1 1 
0 80 0 0 112 4 0 3 0 1 1 1 1 2 4 0 2 1 1 
0 21 0 0 112 4 0 3 0 1 1 1 1 2 4 0 2 1 1 
0 64 0 0 112 3 0 4 0 1 1 1 1 2 4 0 2 1 1 
2 33 2 1 37 0 0 3 0 1 3 0 0 2 3 2 1 1 1 
2 33 2 1 37 0 1 3 0 1 3 0 0 2 3 2 1 1 1 
2 5 2 1 37 0 1 3 0 1 3 0 0 2 3 2 1 1 1 
2 33 2 1 37 0 1 3 0 0 3 0 0 2 3 2 1 1 1 
2 41 2 1 37 0 1 3 0 0 3 0 0 2 3 2 1 1 1 
2 41 2 1 37 0 1 3 0 0 3 2 0 2 3 2 1 1 1 
2 41 2 1 37 0 2 3 0 0 3 0 0 2 3 2 1 1 1 
2 41 2 1 37 0 2 3 0 0 3 0 0 2 4 2 1 1 1 
0 41 2 1 37 0 2 3 0 0 3 0 0 2 3 2 1 1 1 
2 33 3 1 37 0 1 3 0 0 3 0 0 2 3 2 1 1 1 
2 17 3 1 37 0 1 3 0 0 3 0 0 2 3 2 1 1 1 
2 33 3 1 37 2 1 3 0 0 3 0 0 2 3 2 1 1 1 
2 33 3 1 37 2 1 3 0 0 3 0 0 2 3 0 1 1 1 
2 33 3 1 37 2 1 3 0 2 3 0 0 2 3 2 1 1 1 
2 33 3 1 37 2 1 3 0 2 4 0 0 2 3 2 1 1 1 
2 33 3 1 37 2 1 3 1 2 3 0 0 2 3 2 1 1 1 
2 33 3 1 43 2 1 3 1 2 3 0 0 2 3 2 1 1 1 
2 33 3 1 37 4 1 3 0 2 3 0 0 2 3 2 1 1 1 
2 33 3 1 37 0 1 3 0 2 3 0 0 2 3 2 1 1 1 
2 33 3 1 37 2 1 3 0 2 4 0 0 0 3 2 1 1 1 
2 33 3 1 37 4 1 3 0 2 4 0 0 0 3 2 1 1 1 
0 33 3 1 37 4 1 3 0 2 4 0 0 0 3 2 1 1 1 
1 33 3 1 37 4 1 3 0 2 4 0 0 0 3 2 1 1 1 
1 33 3 1 37 0 1 3 0 2 4 0 0 0 3 2 1 1 1 
0 33 3 1 37 0 1 3 0 2 4 0 0 0 3 2 1 1 1 
0 33 3 1 37 0 1 3 0 2 4 0 0 0 3 0 1 1 1 
1 33 3 1 37 4 1 3 0 2 4 0 0 0 3 0 1 1 1 
1 33 3 1 37 0 1 3 0 2 4 0 0 0 3 0 1 1 1 
1 33 3 1 1 0 1 3 0 2 4 0 0 0 3 0 1 1 1 
1 33 3 1 1 0 1 1 0 2 4 0 0 0 3 0 1 1 1 
1 33 3 1 11 0 1 3 0 2 4 0 0 0 3 2 1 1 1 
1 33 3 5 11 0 1 3 0 2 4 0 0 0 3 2 1 1 1 
1 33 3 7 11 0 1 3 0 2 4 0 0 0 3 2 1 1 1 
1 33 3 7 11 0 1 3 0 2 4 0 0 0 1 2 1 1 1 
1 33 3 1 37 4 1 3 0 2 4 0 0 0 1 0 1 1 1 
0 33 3 1 37 4 1 3 0 2 4 1 0 0 3 2 1 1 1 
0 33 3 1 37 4 1 1 0 2 4 1 0 0 3 2 1 1 1 
0 33 3 1 37 4 1 4 0 2 4 1 0 0 3 2 1 1 1 
0 33 3 1 37 0 1 1 0 2 4 1 0 0 3 2 1 1 1 
0 33 3 1 1 4 1 4 0 2 4 1 0 0 3 2 1 1 1 
0 33 3 1 1 4 1 4 0 2 4 1 0 0 3 0 1 1 1 
0 33 3 6 1 4 1 4 0 2 4 1 0 0 3 0 1 1 1 
1 31 3 1 1 0 1 3 0 2 4 0 0 0 3 0 1 1 1 
1 41 3 7 11 0 1 3 0 2 4 0 0 0 3 2 1 1 1 
0 25 3 1 1 4 1 4 0 2 4 1 0 0 3 2 1 1 1 
0 25 3 1 1 4 1 4 0 2 4 1 0 0 3 3 1 1 1 
1 33 3 5 11 0 1 3 0 2 4 0 0 0 3 2 2 1 1 
0 25 3 1 1 0 1 4 0 2 4 1 0 0 3 3 1 1 1 
0 25 3 1 1 3 1 4 0 2 4 1 0 0 3 3 1 1 1 
0 25 3 1 1 3 1 4 0 2 4 1 0 0 3 3 1 1 0 
0 25 3 1 1 4 1 4 0 2 4 1 0 0 3 3 1 1 0 
1 33 3 1 37 4 1 3 0 2 4 0 0 0 3 0 1 0 1 
1 33 3 1 37 4 1 3 0 2 4 0 0 0 3 2 1 0 1 
1 33 3 1 37 4 1 3 0 2 4 0 0 0 3 2 1 0 0 
1 33 3 1 37 4 1 1 0 2 4 0 0 0 3 0 1 0 1 
2 33 3 1 37 2 1 3 1 0 3 0 0 2 3 2 1 1 1 
2 33 3 1 37 2 1 3 1 0 3 0 0 2 3 0 1 1 1 
1 33 3 1 37 4 1 3 0 2 4 0 1 0 3 2 1 0 1 
0 25 3 1 1 3 4 4 0 2 4 1 0 0 3 3 1 1 0 
0 25 3 1 1 4 4 4 0 2 4 1 0 0 3 3 1 1 0 
0 25 3 1 1 4 4 4 0 2 4 1 0 0 3 3 1 0 0 
0 25 3 1 1 4 4 4 0 2 4 1 0 0 3 0 1 1 0 
0 25 3 1 1 4 4 4 0 2 4 1 0 0 4 0 1 1 0 
0 1 3 1 1 4 4 4 0 2 4 1 0 0 3 0 1 1 0 
0 1 4 1 1 4 4 4 0 2 4 1 0 0 3 0 1 1 0 
0 1 4 1 1 4 4 4 0 2 4 1 0 0 3 0 1 0 0 
0 27 4 1 1 4 4 4 0 2 4 1 0 0 3 0 1 0 0 
2 33 3 1 43 2 0 3 1 2 3 0 0 2 3 2 1 1 1 
0 25 3 1 1 4 1 4 0 2 4 1 0 0 1 3 1 1 1 
0 21 3 1 1 4 1 4 0 2 4 1 0 0 1 3 1 1 1 
0 25 3 1 1 4 1 4 0 2 4 1 0 0 4 3 1 1 1 
0 25 3 1 1 4 0 4 0 2 4 1 0 0 4 3 1 1 1 
0 25 3 1 1 4 0 4 0 2 4 1 1 0 4 3 1 1 1 
2 32 3 1 37 0 1 3 0 0 3 0 0 2 3 2 1 1 1 
1 33 3 1 37 0 1 3 0 2 4 0 0 0 1 0 1 1 1 
1 33 3 1 37 0 1 3 1 2 4 0 0 0 1 0 1 1 1 
1 33 3 1 37 4 1 3 0 2 4 0 0 2 1 0 1 1 1 
1 33 3 1 37 0 1 3 0 2 4 0 0 0 2 0 1 1 1 
1 33 3 1 37 0 1 3 1 2 4 2 0 0 1 0 1 1 1 
1 33 3 1 37 4 1 3 1 2 4 2 0 0 1 0 1 1 1 
1 33 3 1 37 4 1 3 1 2 4 2 0 0 1 0 1 1 0 
1 33 3 1 37 4 1 3 1 2 4 2 0 2 1 0 1 1 0 
1 33 3 1 37 0 1 3 1 0 4 2 0 0 1 0 1 1 1 
1 33 3 1 37 0 1 3 1 0 1 2 0 0 1 0 1 1 1 
1 33 3 1 37 4 1 3 1 2 4 2 0 0 1 3 1 1 0 
1 33 3 1 21 4 1 3 1 2 4 2 0 0 1 3 1 1 0 
1 33 3 1 21 4 1 3 1 2 4 0 0 0 1 3 1 1 0 
1 33 3 1 21 4 1 3 1 2 4 3 0 0 1 3 1 1 0 
1 33 4 1 21 4 1 3 1 2 4 2 0 0 1 3 1 1 0 
1 1 4 1 21 4 1 3 1 2 4 2 0 0 1 3 1 1 0 
1 1 4 1 21 4 1 3 1 0 4 2 0 0 1 3 1 1 0 
1 33 3 1 21 4 2 3 1 2 4 0 0 0 1 3 1 1 0 
0 1 4 1 21 4 1 3 1 0 4 2 0 0 1 3 1 1 0 
1 33 3 1 21 4 4 3 1 2 4 0 0 0 1 3 1 1 0 
1 33 3 1 21 4 2 3 1 2 4 3 0 0 1 3 1 1 0 
1 33 3 1 37 0 1 1 1 0 1 2 0 0 1 0 1 1 1 
1 33 3 1 37 0 1 1 1 0 1 2 0 0 1 3 1 1 1 
1 31 3 1 37 0 1 1 1 0 1 2 0 0 1 3 1 1 1 
1 31 3 1 37 0 1 1 1 0 1 0 0 0 1 3 1 1 1 
1 33 3 1 37 0 1 1 1 0 1 2 1 0 1 3 1 1 1 
1 33 3 1 37 4 1 3 1 2 4 0 0 0 1 0 1 1 1 
1 1 4 1 21 4 1 3 1 2 4 2 0 0 1 3 1 0 0 
1 1 4 1 21 4 4 3 1 2 4 2 0 0 1 3 1 0 0 
1 1 4 1 21 4 4 3 1 2 4 2 0 0 3 3 1 0 0 
1 1 4 1 21 0 4 3 1 2 4 2 0 0 1 3 1 0 0 
1 1 4 1 21 0 4 4 1 2 4 2 0 0 1 3 1 0 0 
1 1 4 1 21 0 0 3 1 2 4 2 0 0 1 3 1 0 0 
1 29 4 1 21 4 4 3 1 2 4 2 0 0 1 3 1 0 0 
1 29 4 1 73 4 4 3 1 2 4 2 0 0 1 3 1 0 0 
1 29 4 10 73 4 4 3 1 2 4 2 0 0 1 3 1 0 0 
1 29 4 1 21 4 4 3 1 2 4 2 0 0 1 0 1 0 0 
0 29 4 1 21 4 4 3 1 2 4 2 0 0 1 0 1 0 0 
1 29 4 1 21 4 4 3 1 2 4 2 0 0 1 2 1 0 0 
1 29 4 1 21 4 0 3 1 2 4 2 0 0 1 2 1 0 0 
0 29 4 1 21 4 0 3 1 2 4 2 0 0 1 2 1 0 0 
2 29 4 1 21 4 4 3 1 2 4 2 0 0 1 2 1 0 0 
2 29 4 1 21 0 4 3 1 2 4 2 0 0 1 2 1 0 0 
2 29 4 1 25 0 4 3 1 2 4 2 0 0 1 2 1 0 0 
2 29 4 1 25 0 4 3 1 2 4 2 0 0 1 2 1 0 1 
3 29 4 1 25 0 4 3 1 2 4 2 0 0 1 2 1 0 1 
3 29 4 1 25 0 4 3 1 2 4 2 0 0 4 2 1 0 1 
3 1 4 1 25 0 4 3 1 2 4 2 0 0 1 2 1 0 1 
3 1 4 1 11 0 4 3 1 2 4 2 0 0 1 2 1 0 1 
3 1 4 1 11 3 4 3 1 2 4 2 0 0 1 2 1 0 1 
3 1 4 1 11 3 4 3 1 2 4 2 0 0 1 0 1 0 1 
3 1 4 1 11 0 4 3 1 2 4 2 0 0 2 2 1 0 1 
3 1 4 1 11 0 4 3 1 2 4 2 0 0 2 2 2 0 1 
3 1 4 1 11 0 4 3 1 2 4 2 0 0 2 2 1 1 1 
1 73 4 1 73 4 4 3 1 2 4 2 0 0 1 3 1 0 0 
