0 5 2 0 109 0 0 1 0 1 2 3 2 2 2 0 2 1 1 
0 5 2 0 109 3 0 1 0 1 2 3 2 2 2 0 2 1 1 
0 5 2 0 109 3 0 2 0 1 2 3 2 2 2 0 2 1 1 
0 5 2 0 1 3 0 2 0 1 2 3 2 2 2 0 2 1 1 
3 5 2 0 1 3 0 2 0 1 2 3 2 2 2 0 2 1 1 
0 5 3 0 42 0 3 2 0 0 3 0 0 0 4 1 1 1 0 
0 1 3 0 42 0 3 2 0 0 3 0 0 0 4 1 1 1 0 
0 1 3 0 42 0 3 4 0 0 3 0 0 0 4 1 1 1 0 
0 1 3 0 42 0 3 2 0 0 4 0 0 0 4 1 1 1 0 
0 1 3 0 42 0 3 2 0 0 4 0 0 2 4 1 1 1 0 
0 49 3 0 42 0 3 2 0 0 3 0 0 0 4 1 1 1 0 
0 49 3 0 42 4 3 2 0 0 3 0 0 0 4 1 1 1 0 
0 3 3 0 42 0 3 2 0 0 4 0 0 0 4 1 1 1 0 
0 3 3 0 42 1 3 2 0 0 4 0 0 0 4 1 1 1 0 
0 10 2 4 39 0 3 3 1 0 4 1 1 0 2 3 1 1 1 
0 10 2 4 39 0 3 3 1 0 4 1 1 2 2 3 1 1 1 
1 10 2 4 39 0 3 3 1 0 4 1 1 2 2 3 1 1 1 
1 10 2 4 39 0 0 3 1 0 4 1 1 2 2 3 1 1 1 
1 10 2 4 39 0 0 3 1 0 4 1 1 0 2 3 1 1 1 
1 10 2 4 39 3 0 3 1 0 4 1 1 0 2 3 1 1 1 
1 10 2 4 39 0 3 3 1 0 4 1 2 2 2 3 1 1 1 
1 10 2 4 39 1 3 3 1 0 4 1 1 2 2 3 1 1 1 
0 13 3 2 99 0 2 4 1 1 4 2 0 2 1 0 2 1 0 
0 13 3 2 1 0 2 4 1 1 4 2 0 2 1 0 2 1 0 
0 13 3 0 1 0 2 4 1 1 4 2 0 2 1 0 2 1 0 
0 13 3 2 99 0 2 1 1 1 4 2 0 2 1 0 2 1 0 
0 13 3 2 99 4 2 1 1 1 4 2 0 2 1 0 2 1 0 
0 13 4 3 109 2 0 4 1 2 1 1 1 2 3 0 2 1 0 
0 13 4 3 109 2 0 4 1 2 1 0 1 2 3 0 2 1 0 
0 13 4 3 109 2 0 4 1 2 1 0 1 2 1 0 2 1 0 
0 13 4 3 109 3 0 4 1 2 1 0 1 2 1 0 2 1 0 
0 13 4 3 109 3 0 4 1 2 1 0 1 2 1 1 2 1 0 
0 13 4 5 109 3 0 4 1 2 1 0 1 2 1 0 2 1 0 
0 13 4 3 109 3 1 4 1 2 1 0 1 2 1 0 2 1 0 
0 13 4 3 109 3 1 4 1 2 1 2 1 2 1 0 2 1 0 
0 13 4 3 109 4 0 4 1 2 1 0 1 2 1 1 2 1 0 
3 13 4 3 109 4 0 4 1 2 1 0 1 2 1 1 2 1 0 
3 13 4 3 109 4 0 4 1 0 1 0 1 2 1 1 2 1 0 
0 13 4 3 109 4 1 4 1 2 1 2 1 2 1 0 2 1 0 
0 13 4 3 109 4 4 4 1 2 1 2 1 2 1 0 2 1 0 
0 77 4 3 109 3 1 4 1 2 1 0 1 2 1 0 2 1 0 
0 25 4 3 109 3 1 4 1 2 1 0 1 2 1 0 2 1 0 
0 77 4 3 109 3 1 4 1 2 1 0 1 2 1 0 2 1 1 
0 77 4 7 109 3 1 4 1 2 1 0 1 2 1 0 2 1 1 
0 77 4 7 109 3 1 4 1 2 1 0 0 2 1 0 2 1 1 
0 77 4 8 109 3 1 4 1 2 1 0 0 2 1 0 2 1 1 
0 77 4 8 109 3 1 4 1 0 1 0 0 2 1 0 2 1 1 
0 7 4 8 109 3 1 4 1 0 1 0 0 2 1 0 2 1 1 
0 7 4 8 109 3 1 4 1 0 1 0 0 2 1 0 2 1 0 
0 21 4 3 109 3 1 4 1 2 1 0 1 2 1 0 2 1 0 
0 77 4 8 109 3 1 4 1 0 1 0 2 2 1 0 2 1 1 
0 77 4 8 109 3 1 4 1 0 1 3 2 2 1 0 2 1 1 
0 77 4 8 109 3 1 4 1 0 1 1 2 2 1 0 2 1 1 
0 77 4 8 109 3 1 4 1 0 1 3 0 2 1 0 2 1 1 
0 77 4 6 109 3 1 4 1 0 1 3 2 2 1 0 2 1 1 
0 77 4 6 109 3 4 4 1 0 1 3 2 2 1 0 2 1 1 
0 77 4 7 109 3 1 4 1 0 1 3 2 2 1 0 2 1 1 
0 77 4 7 109 3 1 4 1 0 1 0 2 2 1 0 2 1 1 
0 77 4 7 109 3 1 1 1 0 1 3 2 2 1 0 2 1 1 
0 77 4 7 109 3 1 1 1 0 1 3 2 2 1 3 2 1 1 
0 79 4 8 109 3 1 4 1 0 1 3 0 2 1 0 2 1 1 
0 79 4 8 109 3 4 4 1 0 1 3 0 2 1 0 2 1 1 
0 79 4 8 109 3 4 4 1 0 1 3 0 2 3 0 2 1 1 
0 79 4 8 109 3 0 4 1 0 1 3 0 2 3 0 2 1 1 
0 79 4 8 109 3 0 4 1 0 1 3 0 2 3 0 2 0 1 
0 79 4 8 109 3 0 4 1 0 1 3 2 2 3 0 2 0 1 
0 79 4 8 109 3 1 4 1 0 1 3 0 2 1 3 2 1 1 
0 79 0 8 109 3 1 4 1 0 1 3 0 2 1 3 2 1 1 
0 79 4 8 109 3 0 4 1 0 1 0 0 2 3 0 2 0 1 
0 79 4 9 109 3 0 4 1 0 1 0 0 2 3 0 2 0 1 
0 79 4 8 109 3 0 4 1 0 1 0 2 2 3 0 2 0 1 
0 79 4 8 109 3 0 1 1 0 1 0 2 2 3 0 2 0 1 
0 80 4 3 109 3 1 4 1 2 1 2 1 2 1 0 2 1 0 
0 80 4 10 109 3 1 4 1 2 1 2 1 2 1 0 2 1 0 
0 80 4 3 109 4 1 4 1 2 1 2 1 2 1 0 2 1 0 
0 77 4 8 109 3 1 4 1 0 1 3 0 2 1 3 2 1 1 
0 77 4 8 109 3 1 4 1 0 1 0 0 2 1 3 2 1 1 
0 77 4 8 109 3 1 4 1 0 3 3 0 2 1 3 2 1 1 
0 77 4 8 85 3 1 4 1 0 3 3 0 2 1 3 2 1 1 
0 77 4 9 109 3 1 1 1 0 1 3 2 2 1 3 2 1 1 
0 73 4 3 109 4 1 4 1 2 1 2 1 2 1 0 2 1 0 
0 73 4 3 109 4 1 4 1 2 1 2 2 2 1 0 2 1 0 
0 73 4 3 109 4 1 4 1 2 1 2 2 2 1 0 2 1 1 
0 73 4 3 109 4 1 4 1 2 1 0 2 2 1 0 2 1 1 
0 73 4 3 109 4 1 4 1 2 3 0 2 2 1 0 2 1 1 
0 73 4 3 109 4 1 1 1 2 3 0 2 2 1 0 2 1 1 
0 73 0 3 109 4 1 1 1 2 3 0 2 2 1 0 2 1 1 
0 73 4 3 109 4 1 1 1 2 1 0 2 2 1 0 2 1 1 
0 73 4 3 85 4 1 1 1 2 1 0 2 2 1 0 2 1 1 
0 75 4 3 85 4 1 1 1 2 1 0 2 2 1 0 2 1 1 
0 73 4 3 85 4 1 3 1 2 1 0 2 2 1 0 2 1 1 
0 73 4 3 109 4 1 4 1 2 1 0 2 2 2 0 2 1 1 
0 80 4 3 85 4 1 1 1 2 1 0 2 2 1 0 2 1 1 
0 80 4 3 79 4 1 1 1 2 1 0 2 2 1 0 2 1 1 
0 79 4 3 109 4 1 4 1 2 1 0 2 2 2 0 2 1 1 
0 73 4 3 109 4 0 4 1 2 1 0 2 2 2 0 2 1 1 
0 73 4 3 109 4 0 4 1 2 1 0 2 2 2 0 2 0 1 
0 77 4 3 109 4 0 4 1 2 1 0 2 2 2 0 2 0 1 
0 77 4 3 105 4 0 4 1 2 1 0 2 2 2 0 2 0 1 
0 77 4 3 105 4 0 4 1 2 1 0 2 2 2 0 2 1 1 
0 77 4 3 105 4 0 4 1 2 1 0 2 2 1 0 2 1 1 
0 67 4 3 109 4 0 4 1 2 1 0 2 2 2 0 2 1 1 
0 77 4 3 105 4 1 4 1 2 1 0 2 2 2 0 2 0 1 
0 77 4 3 105 4 1 4 1 2 1 0 2 2 1 0 2 0 1 
0 78 4 3 105 4 1 4 1 2 1 0 2 2 1 0 2 0 1 
0 78 4 8 105 4 1 4 1 2 1 0 2 2 1 0 2 0 1 
0 78 4 8 105 4 1 4 1 2 1 3 2 2 1 0 2 0 1 
0 78 4 8 105 4 1 4 1 0 1 3 2 2 1 0 2 0 1 
0 78 4 10 105 4 1 4 1 2 1 0 2 2 1 0 2 0 1 
0 73 4 3 109 4 0 4 1 2 1 0 2 0 2 0 2 1 1 
0 77 4 0 105 4 0 4 1 2 1 0 2 2 1 0 2 1 1 
0 77 4 0 105 4 0 4 1 2 4 0 2 2 1 0 2 1 1 
0 77 4 0 87 4 0 4 1 2 1 0 2 2 1 0 2 1 1 
0 77 4 0 87 4 0 4 1 2 1 0 2 0 1 0 2 1 1 
0 77 4 6 105 4 0 4 1 2 4 0 2 2 1 0 2 1 1 
0 77 4 0 87 4 3 4 1 2 1 0 2 2 1 0 2 1 1 
0 77 4 0 87 4 3 1 1 2 1 0 2 2 1 0 2 1 1 
0 77 4 0 87 4 3 4 0 2 1 0 2 2 1 0 2 1 1 
0 77 4 0 87 4 3 4 0 2 1 0 2 0 1 0 2 1 1 
0 77 4 0 69 4 3 4 1 2 1 0 2 2 1 0 2 1 1 
0 77 4 0 87 4 3 4 0 0 1 0 2 2 1 0 2 1 1 
0 47 4 0 87 4 3 4 0 0 1 0 2 2 1 0 2 1 1 
0 47 4 0 87 4 3 4 1 0 1 0 2 2 1 0 2 1 1 
0 77 4 0 87 4 3 4 0 1 1 0 2 2 1 0 2 1 1 
0 77 4 0 87 4 3 4 0 2 1 0 2 2 1 0 1 1 1 
0 77 4 0 87 4 3 4 0 2 1 0 0 2 1 0 1 1 1 
0 77 4 0 87 4 3 4 0 2 1 0 0 0 1 0 1 1 1 
0 77 4 0 87 4 0 4 0 2 1 0 0 0 1 0 1 1 1 
0 77 4 0 87 4 3 4 0 0 1 0 0 0 1 0 1 1 1 
0 1 4 0 87 4 3 4 0 0 1 0 0 0 1 0 1 1 1 
0 1 4 0 87 4 3 1 0 0 1 0 0 0 1 0 1 1 1 
1 77 4 0 87 4 3 4 0 2 1 0 0 2 1 0 1 1 1 
1 77 4 0 87 4 4 4 0 2 1 0 0 2 1 0 1 1 1 
1 77 4 0 87 4 4 4 0 2 1 0 0 0 1 0 1 1 1 
0 77 0 0 87 4 3 4 0 2 1 0 2 0 1 0 2 1 1 
0 77 4 10 87 4 3 4 0 1 1 0 2 2 1 0 2 1 1 
0 77 4 2 87 4 3 4 0 2 1 0 0 2 1 0 1 1 1 
0 77 4 2 83 4 3 4 0 2 1 0 0 2 1 0 1 1 1 
0 77 4 2 83 4 3 4 0 2 1 0 0 2 1 0 2 1 1 
0 73 4 2 83 4 3 4 0 2 1 0 0 2 1 0 2 1 1 
0 77 4 2 83 4 3 4 0 2 1 3 0 2 1 0 2 1 1 
0 73 4 2 83 4 3 4 0 2 1 0 0 2 1 0 2 0 1 
0 77 4 2 83 4 3 4 0 2 1 0 0 2 1 0 2 0 1 
0 77 4 2 169 4 3 4 0 2 1 0 0 2 1 0 1 1 1 
0 77 4 2 169 4 3 4 0 2 1 0 0 2 1 0 1 0 1 
0 78 4 2 169 4 3 4 0 2 1 0 0 2 1 0 1 0 1 
1 77 4 0 87 4 4 4 0 2 1 0 0 2 1 2 1 1 1 
1 77 4 0 87 4 4 4 0 2 1 0 0 2 1 2 1 0 1 
1 77 4 0 63 4 4 4 0 2 1 0 0 2 1 2 1 0 1 
1 77 4 0 63 4 4 4 0 0 1 0 0 2 1 2 1 0 1 
1 77 4 0 164 4 4 4 0 0 1 0 0 2 1 2 1 0 1 
1 77 4 0 63 4 4 4 0 0 1 0 0 0 1 2 1 0 1 
1 77 4 0 63 4 4 4 0 0 1 0 0 2 1 2 1 0 0 
1 77 4 0 63 4 4 4 0 0 1 2 0 0 1 2 1 0 1 
1 25 4 0 63 4 4 4 0 0 1 2 0 0 1 2 1 0 1 
1 42 4 0 63 4 4 4 0 0 1 2 0 0 1 2 1 0 1 
1 77 4 0 63 4 4 4 0 0 2 2 0 0 1 2 1 0 1 
1 77 4 0 63 4 4 4 0 0 2 2 0 0 1 0 1 0 1 
1 79 4 0 63 4 4 4 0 0 2 2 0 0 1 0 1 0 1 
3 77 4 0 63 4 4 4 0 0 2 2 0 0 1 0 1 0 1 
1 77 4 0 63 4 4 4 0 0 1 2 0 0 1 0 1 0 1 
1 78 4 0 63 4 4 4 0 0 1 2 0 0 1 0 1 0 1 
1 78 0 0 63 4 4 4 0 0 1 2 0 0 1 0 1 0 1 
1 78 0 0 61 4 4 4 0 0 1 2 0 0 1 0 1 0 1 
1 77 4 0 63 4 4 4 0 0 2 2 0 0 1 3 1 0 1 
0 77 4 0 63 4 4 4 0 0 2 2 0 0 1 0 1 0 1 
0 77 0 0 63 4 4 4 0 0 2 2 0 0 1 0 1 0 1 
1 1 4 0 63 4 4 4 0 0 2 2 0 0 1 3 1 0 1 
1 1 4 0 1 4 4 4 0 0 2 2 0 0 1 3 1 0 1 
0 1 4 0 63 4 4 4 0 0 2 2 0 0 1 3 1 0 1 
1 1 4 0 63 4 4 4 0 0 2 2 0 2 1 3 1 0 1 
0 77 4 0 87 4 3 4 1 2 1 0 2 2 1 1 2 1 1 
0 77 4 0 87 4 3 4 1 2 1 0 0 2 1 1 2 1 1 
0 77 4 5 87 4 3 4 1 2 1 0 0 2 1 1 2 1 1 
0 77 4 0 87 4 3 1 1 2 1 0 0 2 1 1 2 1 1 
0 51 4 0 87 4 3 1 1 2 1 0 0 2 1 1 2 1 1 
0 51 4 0 33 4 3 1 1 2 1 0 0 2 1 1 2 1 1 
0 51 4 0 40 4 3 1 1 2 1 0 0 2 1 1 2 1 1 
0 77 4 7 87 4 3 4 1 2 1 0 0 2 1 1 2 1 1 
0 77 4 0 87 4 3 4 1 2 1 0 0 2 1 1 2 0 1 
0 77 4 0 87 4 4 4 1 2 1 0 0 2 1 1 2 0 1 
0 77 4 6 87 4 4 4 1 2 1 0 0 2 1 1 2 0 1 
0 77 4 6 87 4 4 4 1 2 1 0 0 0 1 1 2 0 1 
0 77 4 6 87 4 4 4 1 2 1 0 2 0 1 1 2 0 1 
0 77 4 6 87 4 4 4 0 2 1 0 0 0 1 1 2 0 1 
0 77 4 0 87 4 0 4 1 2 1 0 0 2 1 1 2 0 1 
0 1 4 0 87 4 0 4 1 2 1 0 0 2 1 1 2 0 1 
0 77 4 0 87 4 3 4 1 2 1 0 0 2 2 1 2 1 1 
0 77 4 0 67 4 3 4 1 2 1 0 0 2 2 1 2 1 1 
0 77 4 0 67 4 3 4 1 0 1 0 0 2 2 1 2 1 1 
0 77 4 0 67 4 3 4 1 0 1 0 0 2 2 1 2 0 1 
0 77 4 0 67 4 3 4 1 0 4 0 0 2 2 1 2 0 1 
0 77 4 0 87 4 3 4 1 2 1 0 2 2 2 1 2 1 1 
0 1 4 0 87 4 0 4 1 2 1 1 0 2 1 1 2 0 1 
0 73 4 0 87 4 0 4 1 2 1 1 0 2 1 1 2 0 1 
0 1 4 0 87 0 0 4 1 2 1 1 0 2 1 1 2 0 1 
0 77 4 6 87 4 4 4 0 2 1 0 0 0 1 1 2 1 1 
0 77 4 8 87 4 4 4 0 2 1 0 0 0 1 1 2 1 1 
0 77 4 0 87 4 4 4 0 2 1 0 0 0 1 1 2 1 1 
0 77 4 0 85 4 4 4 0 2 1 0 0 0 1 1 2 1 1 
0 77 4 6 85 4 4 4 0 2 1 0 0 0 1 1 2 1 1 
0 1 4 0 87 4 1 4 1 2 1 1 0 2 1 1 2 0 1 
0 1 4 0 85 4 1 4 1 2 1 1 0 2 1 1 2 0 1 
0 80 4 0 85 4 1 4 1 2 1 1 0 2 1 1 2 0 1 
0 80 4 0 63 4 1 4 1 2 1 1 0 2 1 1 2 0 1 
0 1 4 0 63 4 1 4 1 2 1 1 0 2 1 1 2 0 1 
0 1 4 0 6 4 1 4 1 2 1 1 0 2 1 1 2 0 1 
0 80 4 0 85 4 1 4 1 2 1 1 0 0 1 1 2 0 1 
0 80 4 0 85 4 2 4 1 2 1 1 0 0 1 1 2 0 1 
0 80 4 0 85 4 1 4 0 2 1 1 0 0 1 1 2 0 1 
0 1 4 0 85 4 1 4 0 2 1 1 0 0 1 1 2 0 1 
0 73 4 0 85 4 1 4 0 2 1 1 0 0 1 1 2 0 1 
0 76 4 0 85 4 1 4 0 2 1 1 0 0 1 1 2 0 1 
0 76 4 0 85 4 1 4 0 2 3 1 0 0 1 1 2 0 1 
0 1 4 0 85 4 1 4 0 2 3 1 0 0 1 1 2 0 1 
0 1 4 0 85 4 1 1 0 2 3 1 0 0 1 1 2 0 1 
2 1 4 0 85 4 1 4 0 2 3 1 0 0 1 1 2 0 1 
2 1 4 0 85 4 0 4 0 2 3 1 0 0 1 1 2 0 1 
0 77 4 6 87 4 4 4 0 2 1 0 0 0 1 0 2 0 1 
0 24 4 0 85 4 1 4 0 2 3 1 0 0 1 1 2 0 1 
0 24 4 0 85 4 2 4 0 2 3 1 0 0 1 1 2 0 1 
0 24 4 0 85 4 2 4 0 2 3 0 0 0 1 1 2 0 1 
0 24 4 0 85 4 2 4 0 2 3 0 0 0 2 1 2 0 1 
0 24 4 0 1 4 2 4 0 2 3 0 0 0 2 1 2 0 1 
0 24 4 0 1 4 2 4 0 2 3 1 0 0 2 1 2 0 1 
0 24 4 0 1 0 2 4 0 2 3 1 0 0 2 1 2 0 1 
0 24 4 0 1 0 2 4 0 2 3 1 0 1 2 1 2 0 1 
0 24 4 0 1 0 2 4 0 2 1 1 0 1 2 1 2 0 1 
0 24 4 0 1 0 2 4 0 2 1 1 0 1 4 1 2 0 1 
0 24 4 0 1 0 2 1 0 2 1 1 0 1 4 1 2 0 1 
0 24 4 0 1 0 2 4 0 2 1 0 0 1 2 1 2 0 1 
0 24 0 0 1 0 2 4 0 2 1 0 0 1 2 1 2 0 1 
0 24 0 0 1 0 2 4 0 2 1 0 0 2 2 1 2 0 1 
0 24 4 0 1 0 2 1 1 2 1 1 0 1 4 1 2 0 1 
0 24 4 0 1 0 2 1 1 0 1 1 0 1 4 1 2 0 1 
0 24 4 0 1 0 2 4 0 2 3 1 0 0 2 1 2 1 1 
2 24 4 0 1 0 2 4 0 2 3 1 0 0 2 1 2 1 1 
0 24 0 0 1 0 2 1 1 2 1 1 0 1 4 1 2 0 1 
0 24 0 0 1 0 0 1 1 2 1 1 0 1 4 1 2 0 1 
0 24 0 0 58 0 0 1 1 2 1 1 0 1 4 1 2 0 1 
0 24 0 0 58 0 0 1 1 2 1 1 0 2 4 1 2 0 1 
0 24 0 0 58 0 0 1 1 2 1 3 0 2 4 1 2 0 1 
0 24 0 0 1 0 2 1 1 2 1 1 0 2 4 1 2 0 1 
0 24 4 0 1 0 2 1 0 0 1 1 0 1 4 1 2 0 1 
0 24 4 0 1 0 2 4 0 2 4 0 0 1 2 1 2 0 1 
0 24 4 0 1 0 2 4 0 2 4 0 0 1 2 1 2 0 0 
0 24 4 0 1 0 2 4 0 2 4 0 0 1 3 1 2 0 0 
0 24 4 0 1 0 2 4 0 2 4 0 2 1 2 1 2 0 0 
0 24 4 0 1 0 2 4 0 2 4 0 0 1 1 1 2 0 0 
0 1 4 0 1 0 2 4 0 2 4 0 0 1 1 1 2 0 0 
0 24 0 0 1 0 2 1 1 0 1 1 0 1 4 1 2 0 1 
0 24 4 0 1 0 2 4 1 0 1 1 0 1 4 1 2 0 1 
0 24 4 0 1 0 2 4 1 0 1 0 0 1 4 1 2 0 1 
0 21 0 0 1 0 0 1 1 2 1 1 0 1 4 1 2 0 1 
0 41 0 0 58 0 0 1 1 2 1 3 0 2 4 1 2 0 1 
0 41 0 0 58 3 0 1 1 2 1 3 0 2 4 1 2 0 1 
0 41 0 0 58 3 0 1 1 2 1 3 0 2 4 3 2 0 1 
0 24 0 0 1 0 2 4 0 2 4 0 0 2 2 1 2 0 1 
0 24 0 0 1 3 2 1 1 2 1 1 0 2 4 1 2 0 1 
0 24 4 0 1 0 2 4 0 2 1 0 0 1 4 1 2 0 1 
0 24 4 0 1 0 2 4 0 2 1 0 0 1 4 3 2 0 1 
0 24 4 0 1 0 2 1 0 2 1 0 0 1 4 3 2 0 1 
0 24 4 0 1 0 2 1 0 2 1 0 0 1 4 3 2 1 1 
0 24 4 0 1 0 2 1 0 2 1 0 0 0 4 3 2 1 1 
0 24 4 0 1 0 3 1 0 2 1 0 0 0 4 3 2 1 1 
0 24 4 0 1 0 3 1 0 2 1 0 0 0 1 3 2 1 1 
0 24 0 0 1 3 2 1 1 2 1 1 0 2 4 3 2 0 1 
0 24 4 0 1 0 0 4 1 0 1 1 0 1 4 1 2 0 1 
0 24 0 0 1 0 2 4 0 2 4 0 2 2 2 1 2 0 1 
0 24 0 0 63 0 2 4 0 2 4 0 2 2 2 1 2 0 1 
0 24 3 0 63 0 2 4 0 2 4 0 2 2 2 1 2 0 1 
0 24 3 0 63 0 2 4 0 2 4 0 2 2 2 1 2 0 0 
0 24 0 0 63 0 2 4 0 2 4 0 2 2 1 1 2 0 1 
0 24 0 0 63 0 2 4 0 2 4 2 2 2 1 1 2 0 1 
0 24 0 0 63 0 2 4 0 2 4 2 2 2 1 0 2 0 1 
0 24 3 0 63 0 2 4 1 2 4 0 2 2 2 1 2 0 1 
0 24 3 0 63 0 2 4 1 2 4 0 2 2 3 1 2 0 1 
0 24 3 0 63 0 3 4 1 2 4 0 2 2 3 1 2 0 1 
0 24 3 0 63 0 3 4 1 2 4 1 2 2 3 1 2 0 1 
0 24 0 0 63 0 3 4 1 2 4 1 2 2 3 1 2 0 1 
0 24 3 0 63 0 3 4 0 2 4 1 2 2 3 1 2 0 1 
0 24 3 0 63 0 3 1 0 2 4 1 2 2 3 1 2 0 1 
0 80 3 0 63 0 3 1 0 2 4 1 2 2 3 1 2 0 1 
0 80 3 0 63 0 3 1 0 2 4 1 2 0 3 1 2 0 1 
0 80 3 0 63 0 3 1 0 2 4 0 2 2 3 1 2 0 1 
0 80 3 0 63 4 3 1 0 2 4 0 2 2 3 1 2 0 1 
0 80 3 0 63 0 3 1 0 2 4 1 0 0 3 1 2 0 1 
0 80 3 0 64 0 3 1 0 2 4 1 0 0 3 1 2 0 1 
0 80 0 0 64 0 3 1 0 2 4 1 0 0 3 1 2 0 1 
0 80 0 0 64 2 3 1 0 2 4 1 0 0 3 1 2 0 1 
0 80 3 0 63 0 3 1 0 2 4 1 0 0 1 1 2 0 1 
0 80 4 0 63 0 3 1 0 2 4 1 0 0 1 1 2 0 1 
0 80 3 8 63 0 3 1 0 2 4 1 0 0 1 1 2 0 1 
0 80 0 0 64 2 0 1 0 2 4 1 0 0 3 1 2 0 1 
0 80 2 0 64 2 0 1 0 2 4 1 0 0 3 1 2 0 1 
0 80 2 0 64 2 0 4 0 2 4 1 0 0 3 1 2 0 1 
0 80 2 0 64 2 0 1 0 2 4 1 0 0 3 0 2 0 1 
0 80 2 0 64 2 0 1 0 2 4 1 0 1 3 0 2 0 1 
0 80 3 0 63 0 3 1 0 2 1 1 0 0 1 1 2 0 1 
0 80 3 0 63 0 3 1 0 2 1 1 0 0 1 1 2 1 1 
0 80 0 0 63 0 3 1 0 2 1 1 0 0 1 1 2 1 1 
0 80 3 0 61 0 3 1 0 2 1 1 0 0 1 1 2 1 1 
0 80 3 0 61 0 3 1 0 2 1 1 0 0 1 2 2 1 1 
0 24 0 6 63 0 2 4 0 2 4 0 2 2 1 1 2 0 1 
0 24 0 6 63 0 2 4 0 2 4 0 2 2 2 1 2 0 1 
0 24 3 0 63 0 2 4 1 2 4 0 2 2 2 1 2 0 0 
0 78 3 0 63 0 2 4 1 2 4 0 2 2 2 1 2 0 0 
0 78 4 0 63 0 2 4 1 2 4 0 2 2 2 1 2 0 0 
0 24 4 0 1 0 2 1 0 2 1 0 0 2 4 3 2 0 1 
2 24 4 0 1 0 2 1 0 2 1 0 0 2 4 3 2 0 1 
0 24 4 0 1 1 2 1 0 2 1 0 0 2 4 3 2 0 1 
0 1 4 0 63 4 1 4 1 2 1 3 0 2 1 1 2 0 1 
0 1 4 0 63 4 1 4 1 2 1 0 0 2 1 1 2 0 1 
0 1 4 2 63 4 1 4 1 2 1 0 0 2 1 1 2 0 1 
0 80 4 2 63 4 1 4 1 2 1 0 0 2 1 1 2 0 1 
0 1 4 0 63 0 1 4 1 2 1 0 0 2 1 1 2 0 1 
0 80 4 0 63 4 1 4 1 2 1 1 0 2 1 0 2 0 1 
0 77 0 7 87 4 3 4 1 2 1 0 0 2 1 1 2 1 1 
0 24 0 0 57 0 0 1 1 2 1 1 0 2 4 1 2 0 1 
0 77 4 0 67 4 3 4 1 0 4 0 0 2 2 3 2 0 1 
0 77 4 0 67 0 3 4 1 0 4 0 0 2 2 3 2 0 1 
0 77 4 0 67 4 3 4 1 0 4 0 0 2 1 3 2 0 1 
0 77 4 0 67 4 3 4 1 0 4 0 0 2 3 3 2 0 1 
0 3 4 0 67 4 3 4 1 0 4 0 0 2 3 3 2 0 1 
1 3 4 0 67 4 3 4 1 0 4 0 0 2 3 3 2 0 1 
1 3 4 0 67 4 3 4 1 0 4 0 0 2 3 3 2 1 1 
1 3 4 0 67 4 3 4 1 0 4 0 0 2 1 3 2 0 1 
1 33 4 0 67 4 3 4 1 0 4 0 0 2 1 3 2 0 1 
0 77 0 0 67 4 3 4 1 0 4 0 0 2 3 3 2 0 1 
0 3 4 0 67 4 3 1 1 0 4 0 0 2 3 3 2 0 1 
0 42 4 0 67 4 3 1 1 0 4 0 0 2 3 3 2 0 1 
0 77 4 0 67 4 3 4 1 0 4 0 0 2 1 0 2 0 1 
0 80 4 0 67 4 3 1 1 0 4 0 0 2 3 3 2 0 1 
0 1 4 0 67 4 3 1 1 0 4 0 0 2 3 3 2 0 1 
0 1 4 0 67 4 3 1 1 0 4 0 2 2 3 3 2 0 1 
0 1 4 0 63 4 3 1 1 0 4 0 2 2 3 3 2 0 1 
0 1 4 0 63 4 3 1 1 0 4 0 0 2 3 3 2 0 1 
0 80 0 0 67 4 3 1 1 0 4 0 0 2 3 3 2 0 1 
0 24 4 0 1 0 2 1 0 1 1 1 0 1 4 1 2 0 1 
0 77 4 0 87 4 4 4 1 2 1 0 0 2 1 1 2 1 1 
0 77 4 0 87 4 4 4 1 2 1 0 0 0 1 1 2 1 1 
0 79 4 0 87 4 4 4 1 2 1 0 0 0 1 1 2 1 1 
0 78 3 0 63 0 2 4 1 2 1 0 2 2 2 1 2 0 0 
0 78 3 0 63 0 2 4 1 2 1 0 2 2 2 1 2 0 1 
0 78 3 0 63 0 2 1 1 2 1 0 2 2 2 1 2 0 1 
0 78 0 0 63 0 2 4 1 2 1 0 2 2 2 1 2 0 1 
0 78 0 0 63 4 2 4 1 2 1 0 2 2 2 1 2 0 1 
0 47 0 0 63 0 2 4 1 2 1 0 2 2 2 1 2 0 1 
0 78 3 0 63 0 2 4 1 2 1 0 0 2 2 1 2 0 0 
0 57 3 0 63 0 2 4 1 2 1 0 2 2 2 1 2 0 0 
0 78 3 0 63 0 2 1 1 2 1 0 2 2 2 1 2 0 0 
0 78 0 0 63 4 2 1 1 2 1 0 2 2 2 1 2 0 1 
0 78 0 0 63 4 2 1 1 2 1 0 2 2 1 1 2 0 1 
0 78 0 0 63 4 2 1 1 2 1 0 2 2 4 1 2 0 1 
0 78 0 0 63 4 2 4 1 2 1 0 2 2 1 1 2 0 1 
0 78 0 0 63 0 2 1 1 2 1 0 2 2 4 1 2 0 1 
0 78 0 5 63 0 2 1 1 2 1 0 2 2 4 1 2 0 1 
0 23 0 0 63 0 2 1 1 2 1 0 2 2 4 1 2 0 1 
0 80 0 0 63 0 2 1 1 2 1 0 2 2 4 1 2 0 1 
0 80 0 0 63 0 2 1 1 2 4 0 2 2 4 1 2 0 1 
0 80 0 8 63 0 2 1 1 2 4 0 2 2 4 1 2 0 1 
0 41 0 8 63 0 2 1 1 2 4 0 2 2 4 1 2 0 1 
0 41 0 8 63 0 2 1 1 2 4 0 0 2 4 1 2 0 1 
0 41 1 8 63 0 2 1 1 2 4 0 2 2 4 1 2 0 1 
0 80 0 0 63 0 2 1 1 2 4 0 2 2 4 2 2 0 1 
0 80 0 6 63 0 2 1 1 2 4 0 2 2 4 2 2 0 1 
0 41 0 8 63 0 2 2 1 2 4 0 0 2 4 1 2 0 1 
0 80 0 0 63 0 2 1 1 2 1 2 2 2 4 1 2 0 1 
0 80 0 0 63 0 2 1 1 2 4 0 2 2 4 1 2 1 1 
0 80 0 0 53 0 2 1 1 2 4 0 2 2 4 1 2 1 1 
2 24 4 0 1 0 2 1 0 2 3 1 0 0 2 1 2 1 1 
2 24 4 0 1 0 2 1 0 2 3 1 0 0 1 1 2 1 1 
2 24 4 0 1 0 4 1 0 2 3 1 0 0 1 1 2 1 1 
2 24 4 0 1 3 2 1 0 2 3 1 0 0 2 1 2 1 1 
2 24 4 0 1 0 2 1 0 2 1 1 0 0 1 1 2 1 1 
2 24 4 0 1 3 2 1 0 2 3 1 0 0 1 1 2 1 1 
2 24 4 1 1 3 2 1 0 2 3 1 0 0 1 1 2 1 1 
2 24 4 1 1 3 2 1 0 2 3 1 0 2 1 1 2 1 1 
2 24 4 1 71 3 2 1 0 2 3 1 0 2 1 1 2 1 1 
2 24 4 1 71 3 2 1 0 2 3 1 0 2 3 1 2 1 1 
2 49 4 1 71 3 2 1 0 2 3 1 0 2 3 1 2 1 1 
2 24 4 2 71 3 2 1 0 2 3 1 0 2 3 1 2 1 1 
2 21 4 0 1 0 4 1 0 2 3 1 0 0 1 1 2 1 1 
2 21 4 0 1 0 4 1 0 2 3 1 0 1 1 1 2 1 1 
2 21 4 0 1 0 4 1 1 2 3 1 0 1 1 1 2 1 1 
2 21 4 0 1 0 0 1 0 2 3 1 0 0 1 1 2 1 1 
2 21 4 0 1 0 0 1 0 2 3 1 0 0 1 2 2 1 1 
3 21 4 0 1 0 0 1 0 2 3 1 0 0 1 2 2 1 1 
2 1 4 0 1 0 0 1 0 2 3 1 0 0 1 2 2 1 1 
2 49 4 1 71 3 2 1 0 2 1 1 0 2 3 1 2 1 1 
0 1 4 0 85 4 1 4 0 2 3 1 0 0 2 1 2 0 1 
0 41 1 8 63 0 0 1 1 2 4 0 2 2 4 1 2 0 1 
0 41 1 8 63 0 2 1 1 2 4 0 2 0 4 1 2 0 1 
0 41 1 8 63 0 0 1 0 2 4 0 2 2 4 1 2 0 1 
0 41 1 8 63 0 0 1 0 2 4 0 0 2 4 1 2 0 1 
0 41 1 0 63 0 0 1 0 2 4 0 0 2 4 1 2 0 1 
0 41 1 0 63 0 0 1 0 2 4 0 0 2 4 3 2 0 1 
0 41 1 0 37 0 0 1 0 2 4 0 0 2 4 3 2 0 1 
0 13 1 0 37 0 0 1 0 2 4 0 0 2 4 3 2 0 1 
0 41 1 8 63 0 0 1 1 2 4 1 2 2 4 1 2 0 1 
0 41 1 8 63 0 0 4 1 2 4 1 2 2 4 1 2 0 1 
0 41 1 8 63 0 2 1 1 2 4 1 2 2 4 1 2 0 1 
0 41 1 8 1 0 2 1 1 2 4 1 2 2 4 1 2 0 1 
3 41 1 8 1 0 2 1 1 2 4 1 2 2 4 1 2 0 1 
0 41 0 8 63 0 2 1 1 2 4 1 2 2 4 1 2 0 1 
0 41 1 8 1 0 2 1 1 2 4 1 2 2 4 0 2 0 1 
3 41 1 10 1 0 2 1 1 2 4 1 2 2 4 1 2 0 1 
3 41 4 10 1 0 2 1 1 2 4 1 2 2 4 1 2 0 1 
3 41 4 10 1 0 2 1 1 2 4 1 2 2 1 1 2 0 1 
0 41 1 8 1 0 2 1 1 2 4 0 2 2 4 1 2 0 1 
0 41 1 8 1 0 2 1 1 2 1 0 2 2 4 1 2 0 1 
0 41 1 8 1 0 2 4 1 2 1 0 2 2 4 1 2 0 1 
0 41 1 8 1 0 2 4 1 2 1 0 2 2 1 1 2 0 1 
0 41 1 8 1 0 2 1 1 2 4 0 2 2 1 1 2 0 1 
0 41 1 8 1 3 2 1 1 2 4 0 2 2 4 1 2 0 1 
0 41 1 8 1 3 2 1 1 2 4 0 0 2 4 1 2 0 1 
0 41 1 8 1 3 0 1 1 2 4 0 0 2 4 1 2 0 1 
0 41 1 8 1 3 2 1 0 2 4 0 2 2 4 1 2 0 1 
0 41 0 8 1 3 2 1 0 2 4 0 2 2 4 1 2 0 1 
0 41 1 8 1 3 2 1 1 2 4 3 0 2 4 1 2 0 1 
0 41 1 8 1 3 2 1 1 2 1 3 0 2 4 1 2 0 1 
0 37 1 8 1 3 2 1 1 2 1 3 0 2 4 1 2 0 1 
0 37 1 9 1 3 2 1 1 2 1 3 0 2 4 1 2 0 1 
0 37 1 8 1 3 2 1 1 2 1 0 0 2 4 1 2 0 1 
0 37 1 8 1 3 2 3 1 2 1 0 0 2 4 1 2 0 1 
3 37 1 9 1 3 2 1 1 2 1 3 0 2 4 1 2 0 1 
0 37 1 8 129 3 2 3 1 2 1 0 0 2 4 1 2 0 1 
0 37 1 8 1 3 2 3 0 2 1 0 0 2 4 1 2 0 1 
0 37 1 8 1 3 2 3 0 2 1 0 0 2 4 2 2 0 1 
0 37 1 8 1 3 2 3 1 2 1 0 0 2 4 1 1 0 1 
0 37 1 8 1 3 0 3 1 2 1 0 0 2 4 1 1 0 1 
0 35 1 0 63 0 0 1 0 2 4 0 0 2 4 1 2 0 1 
0 35 1 0 63 0 0 1 0 2 4 0 0 2 4 0 2 0 1 
0 35 1 0 63 0 0 1 0 2 4 0 0 0 4 0 2 0 1 
0 35 1 0 25 0 0 1 0 2 4 0 0 0 4 0 2 0 1 
0 35 1 0 25 0 0 1 0 2 4 0 1 0 4 0 2 0 1 
0 1 1 0 25 0 0 1 0 2 4 0 1 0 4 0 2 0 1 
0 41 1 8 1 3 3 1 1 2 4 3 0 2 4 1 2 0 1 
0 41 0 8 1 3 3 1 1 2 4 3 0 2 4 1 2 0 1 
3 41 4 10 1 0 0 1 1 2 4 1 2 2 1 1 2 0 1 
3 41 4 10 1 2 0 1 1 2 4 1 2 2 1 1 2 0 1 
3 41 4 10 1 2 0 1 1 0 4 1 2 2 1 1 2 0 1 
0 41 0 8 63 0 2 1 1 2 4 1 2 2 4 0 2 0 1 
0 41 3 8 63 0 2 1 1 2 4 1 2 2 4 0 2 0 1 
0 41 3 8 63 0 2 1 1 2 4 1 0 2 4 0 2 0 1 
0 41 0 8 63 0 2 1 1 2 4 1 0 2 4 0 2 0 1 
0 41 0 8 63 0 2 1 1 2 4 1 2 0 4 1 2 0 1 
1 41 0 8 63 0 2 1 1 2 4 1 2 0 4 1 2 0 1 
1 41 0 0 63 0 2 1 1 2 4 1 2 0 4 1 2 0 1 
0 41 0 8 63 0 2 1 1 2 4 1 0 0 4 1 2 0 1 
0 37 0 8 63 0 2 1 1 2 4 1 0 0 4 1 2 0 1 
0 37 0 8 63 0 2 1 1 2 4 1 0 0 4 2 2 0 1 
0 45 0 8 63 0 2 1 1 2 4 1 0 0 4 2 2 0 1 
0 11 0 8 63 0 2 1 1 2 4 1 0 0 4 2 2 0 1 
0 37 0 8 63 0 2 1 0 2 4 1 0 0 4 1 2 0 1 
0 41 1 8 1 3 2 1 0 2 4 1 2 2 4 1 2 0 1 
0 1 1 8 1 3 2 1 0 2 4 1 2 2 4 1 2 0 1 
0 37 1 8 1 3 2 4 1 2 1 0 0 2 4 1 1 0 1 
0 37 1 8 1 3 2 3 0 2 1 0 0 2 4 0 2 0 1 
0 41 1 8 1 3 2 1 1 2 4 3 0 2 4 1 1 0 1 
0 41 1 8 1 0 2 1 1 2 4 1 2 2 4 3 2 0 1 
0 41 0 5 63 0 2 1 1 2 4 1 0 2 4 0 2 0 1 
1 37 1 8 1 3 2 3 0 2 1 0 0 2 4 1 2 0 1 
1 37 1 8 1 3 2 3 1 2 1 0 0 2 4 1 2 0 1 
1 37 1 8 1 4 2 3 1 2 1 0 0 2 4 1 2 0 1 
1 37 1 8 1 4 2 3 1 2 1 0 0 2 1 1 2 0 1 
1 37 1 8 1 4 2 1 1 2 1 0 0 2 1 1 2 0 1 
1 37 1 8 1 4 2 1 1 2 1 0 0 2 1 1 1 0 1 
1 37 1 8 1 4 2 1 1 2 1 0 0 2 1 0 1 0 1 
3 37 1 8 1 4 2 3 1 2 1 0 0 2 1 1 2 0 1 
1 37 1 8 1 4 2 3 1 2 3 0 0 2 4 1 2 0 1 
0 37 1 8 1 4 2 1 1 2 1 0 0 2 1 0 1 0 1 
0 37 1 8 1 4 2 1 1 2 1 0 0 2 4 0 1 0 1 
3 37 1 8 1 4 2 1 1 2 1 0 0 2 4 0 1 0 1 
3 37 4 8 1 4 2 1 1 2 1 0 0 2 4 0 1 0 1 
0 37 0 8 1 4 2 1 1 2 1 0 0 2 4 0 1 0 1 
1 37 1 8 1 0 2 3 0 2 1 0 0 2 4 1 2 0 1 
3 37 1 9 1 3 2 1 1 2 2 3 0 2 4 1 2 0 1 
3 37 1 9 1 0 2 1 1 2 2 3 0 2 4 1 2 0 1 
0 41 1 8 1 0 2 4 1 2 1 0 2 2 1 1 1 0 1 
0 41 1 8 1 0 2 4 1 2 1 3 2 2 1 1 1 0 1 
0 41 1 8 1 0 2 4 1 2 1 3 2 2 4 1 1 0 1 
0 41 1 8 1 0 2 4 1 2 1 3 2 2 1 1 1 1 1 
3 37 1 9 1 0 2 1 1 2 2 3 2 2 4 1 2 0 1 
0 1 0 8 1 3 2 1 0 2 4 0 2 2 4 1 2 0 1 
0 1 0 8 1 4 2 1 0 2 4 0 2 2 4 1 2 0 1 
0 1 0 9 1 4 2 1 0 2 4 0 2 2 4 1 2 0 1 
0 1 0 9 1 4 2 1 0 2 4 0 2 0 4 1 2 0 1 
0 1 0 8 1 4 2 1 0 0 4 0 2 2 4 1 2 0 1 
0 36 0 8 1 4 2 1 0 0 4 0 2 2 4 1 2 0 1 
0 36 0 8 1 4 2 2 0 0 4 0 2 2 4 1 2 0 1 
0 36 2 8 1 4 2 2 0 0 4 0 2 2 4 1 2 0 1 
0 36 0 8 1 4 3 1 0 0 4 0 2 2 4 1 2 0 1 
0 37 0 8 1 4 3 1 0 0 4 0 2 2 4 1 2 0 1 
0 36 0 8 73 4 2 2 0 0 4 0 2 2 4 1 2 0 1 
0 36 0 8 73 4 2 2 0 0 4 0 0 2 4 1 2 0 1 
0 51 0 8 73 4 2 2 0 0 4 0 0 2 4 1 2 0 1 
0 31 0 8 73 4 2 2 0 0 4 0 0 2 4 1 2 0 1 
0 6 0 8 73 4 2 2 0 0 4 0 0 2 4 1 2 0 1 
0 36 0 8 73 4 2 2 0 0 1 0 2 2 4 1 2 0 1 
0 36 0 0 73 4 2 2 0 0 1 0 2 2 4 1 2 0 1 
0 36 0 8 73 4 2 2 0 0 4 0 0 2 4 1 2 0 0 
0 36 0 8 181 4 2 2 0 0 4 0 0 2 4 1 2 0 0 
0 36 0 8 181 0 2 2 0 0 4 0 0 2 4 1 2 0 0 
0 36 0 8 1 4 2 2 0 0 4 0 2 0 4 1 2 0 1 
0 36 2 8 1 4 2 4 0 0 4 0 2 2 4 1 2 0 1 
0 78 0 0 73 4 2 2 0 0 1 0 2 2 4 1 2 0 1 
0 78 0 0 73 4 2 2 0 0 1 0 2 2 1 1 2 0 1 
0 37 0 0 73 4 2 2 0 0 1 0 2 2 1 1 2 0 1 
0 41 1 8 1 3 2 1 0 2 4 1 2 2 4 0 2 0 1 
0 41 1 8 1 3 2 1 0 2 4 2 2 2 4 0 2 0 1 
0 43 0 0 73 4 2 2 0 0 1 0 2 2 4 1 2 0 1 
0 43 4 0 73 4 2 2 0 0 1 0 2 2 4 1 2 0 1 
0 1 1 8 1 3 2 1 0 2 4 1 2 2 1 1 2 0 1 
0 1 1 0 1 3 2 1 0 2 4 1 2 2 1 1 2 0 1 
0 36 0 9 181 4 2 2 0 0 4 0 0 2 4 1 2 0 0 
3 41 4 10 1 2 1 1 1 2 4 1 2 2 1 1 2 0 1 
3 41 4 10 1 2 1 1 1 0 4 1 2 2 1 1 2 0 1 
3 41 4 10 1 4 1 1 1 0 4 1 2 2 1 1 2 0 1 
3 41 4 10 1 4 1 1 1 1 4 1 2 2 1 1 2 0 1 
3 41 4 10 1 4 1 3 1 1 4 1 2 2 1 1 2 0 1 
3 41 4 10 1 4 1 3 1 1 1 1 2 2 1 1 2 0 1 
0 41 4 10 1 4 1 3 1 1 4 1 2 2 1 1 2 0 1 
0 1 4 10 1 4 1 3 1 1 4 1 2 2 1 1 2 0 1 
0 49 4 10 1 4 1 3 1 1 4 1 2 2 1 1 2 0 1 
0 49 4 10 1 4 1 3 1 1 4 1 2 2 4 1 2 0 1 
0 41 4 10 1 4 1 3 1 1 1 1 2 2 1 1 2 0 1 
0 47 4 10 1 4 1 3 1 1 1 1 2 2 1 1 2 0 1 
0 41 4 10 1 4 1 3 1 1 1 1 2 2 1 1 1 0 1 
0 41 4 10 1 4 1 3 1 1 1 1 0 2 1 1 2 0 1 
0 41 4 10 1 4 1 3 1 1 1 1 2 2 1 3 1 0 1 
0 49 4 10 1 4 1 3 1 1 4 1 2 2 4 2 2 0 1 
0 49 4 10 1 0 1 3 1 1 4 1 2 2 4 2 2 0 1 
0 49 0 8 63 0 2 1 0 2 4 1 0 0 4 1 2 0 1 
0 49 0 8 63 0 2 1 0 2 4 1 0 0 1 1 2 0 1 
0 21 0 8 63 0 2 1 0 2 4 1 0 0 1 1 2 0 1 
0 21 0 8 63 0 2 1 0 2 1 1 0 0 1 1 2 0 1 
0 21 4 8 63 0 2 1 0 2 1 1 0 0 1 1 2 0 1 
0 21 4 8 63 0 2 3 0 2 1 1 0 0 1 1 2 0 1 
0 21 0 8 63 0 2 1 0 2 1 1 0 0 2 1 2 0 1 
3 37 1 8 1 4 0 1 1 2 1 0 0 2 4 0 1 0 1 
3 37 1 8 1 4 0 1 1 2 1 0 0 2 1 0 1 0 1 
0 37 1 8 1 4 0 1 1 2 1 0 0 2 1 0 1 0 1 
0 37 4 8 1 4 0 1 1 2 1 0 0 2 1 0 1 0 1 
0 37 4 9 1 4 0 1 1 2 1 0 0 2 1 0 1 0 1 
0 37 4 9 1 4 0 1 1 2 1 0 0 2 1 2 1 0 1 
0 37 1 8 1 4 0 1 0 2 1 0 0 2 1 0 1 0 1 
0 37 1 8 1 4 0 1 1 2 1 0 0 2 1 2 1 0 1 
0 77 4 0 63 4 4 4 0 0 2 2 0 0 1 1 1 0 1 
0 1 4 0 63 4 4 4 0 0 2 2 0 0 1 1 1 0 1 
0 77 4 0 63 4 4 4 0 0 2 3 0 0 1 1 1 0 1 
0 77 4 0 63 4 0 4 0 0 2 3 0 0 1 1 1 0 1 
0 77 4 0 63 4 4 4 0 0 2 3 0 0 1 1 1 1 1 
0 77 4 0 63 4 4 4 0 0 2 0 0 0 1 1 1 1 1 
0 77 0 0 63 4 4 4 0 0 2 3 0 0 1 1 1 0 1 
0 77 4 2 63 4 4 4 0 0 2 3 0 0 1 1 1 1 1 
0 77 4 2 63 4 4 4 0 0 2 3 0 0 1 3 1 1 1 
0 77 4 2 63 4 4 4 0 0 2 3 1 0 1 3 1 1 1 
0 77 4 2 63 4 4 1 0 0 2 3 1 0 1 3 1 1 1 
0 77 4 0 63 4 4 4 0 0 2 3 0 0 2 1 1 1 1 
0 77 4 2 63 4 4 1 0 0 2 3 2 0 1 3 1 1 1 
0 77 4 8 63 4 4 1 0 0 2 3 2 0 1 3 1 1 1 
0 77 4 8 63 4 4 1 0 0 2 3 2 0 4 3 1 1 1 
0 77 4 2 63 4 4 1 0 0 2 3 2 0 1 0 1 1 1 
0 77 4 2 63 4 4 1 0 0 2 3 2 2 1 0 1 1 1 
2 24 4 1 21 3 2 1 0 2 3 1 0 0 1 1 2 1 1 
2 24 4 1 21 3 2 1 0 2 3 1 0 0 1 3 2 1 1 
2 1 4 1 21 3 2 1 0 2 3 1 0 0 1 3 2 1 1 
2 24 4 1 21 3 2 1 0 2 1 1 0 0 1 1 2 1 1 
2 24 4 1 21 3 2 1 0 2 1 1 0 0 1 1 2 0 1 
2 24 0 1 21 3 2 1 0 2 1 1 0 0 1 1 2 0 1 
2 21 0 1 21 3 2 1 0 2 1 1 0 0 1 1 2 0 1 
2 1 0 1 21 3 2 1 0 2 1 1 0 0 1 1 2 0 1 
2 1 0 1 21 3 2 1 0 0 1 1 0 0 1 1 2 0 1 
