0 1 1 3 8 3 4 2 2 2 0 3 0 0 2 1 2 0 1 
0 10 1 6 49 4 1 3 0 4 2 8 0 2 4 2 1 1 0 
0 13 0 3 84 4 0 3 1 3 2 6 2 2 3 1 1 0 0 
0 30 1 4 35 0 4 2 2 4 0 4 1 2 2 0 2 0 1 
0 30 1 4 35 0 4 2 2 4 2 4 1 2 2 0 2 0 1 
0 30 1 4 35 0 4 2 2 4 0 4 1 2 3 0 2 0 1 
0 30 1 4 35 0 4 1 2 4 0 4 1 2 3 0 2 0 1 
0 30 1 4 35 0 4 2 2 1 0 4 1 2 2 0 2 0 1 
0 30 1 4 35 0 4 2 2 1 0 4 1 0 2 0 2 0 1 
0 30 1 4 35 0 0 2 2 1 0 4 1 0 2 0 2 0 1 
0 30 1 4 35 0 0 2 2 2 0 4 1 0 2 0 2 0 1 
0 31 4 0 59 0 4 3 1 2 3 1 2 2 2 0 2 1 0 
0 33 2 7 91 3 2 2 0 2 1 3 0 0 1 2 1 0 1 
0 45 3 5 61 4 1 1 0 2 1 5 0 2 1 0 2 0 0 
0 45 3 5 61 4 1 1 0 2 1 5 0 2 3 0 2 0 0 
0 45 3 5 61 4 1 1 0 2 1 5 0 2 1 1 2 0 0 
0 46 4 5 58 3 1 3 0 1 3 5 0 2 1 0 1 0 1 
0 46 4 9 58 3 1 3 0 1 3 5 0 2 1 0 1 0 1 
0 46 4 9 58 3 1 3 0 1 3 7 0 2 1 0 1 0 1 
0 50 3 2 106 4 1 1 1 1 3 2 2 1 4 0 1 0 0 
0 54 0 7 57 3 1 1 2 4 3 4 0 0 2 0 2 0 1 
0 55 4 1 91 2 2 1 1 4 3 7 0 1 1 1 1 0 1 
0 59 4 2 71 2 0 3 1 2 1 6 0 2 1 0 1 1 1 
0 59 4 0 71 2 0 3 1 2 1 6 0 2 1 0 1 1 1 
0 59 4 7 60 2 3 4 0 2 0 8 2 0 2 3 2 1 0 
0 59 4 7 60 2 3 4 0 3 0 8 2 0 2 3 2 1 0 
0 59 0 7 60 2 3 4 0 3 0 8 2 0 2 3 2 1 0 
0 59 0 7 60 2 3 1 0 3 0 8 2 0 2 3 2 1 0 
0 59 0 7 60 2 3 1 0 4 0 8 2 0 2 3 2 1 0 
0 59 0 7 75 2 3 1 0 4 0 8 2 0 2 3 2 1 0 
0 59 0 7 60 2 3 1 0 4 0 8 0 0 2 3 2 1 0 
0 64 0 7 60 2 3 1 0 4 0 8 0 0 2 3 2 1 0 
0 64 0 7 65 2 3 1 0 4 0 8 0 0 2 3 2 1 0 
0 64 0 7 66 2 3 1 0 4 0 8 0 0 2 3 2 1 0 
0 59 0 7 60 2 3 2 0 4 0 8 2 0 2 3 2 1 0 
0 59 0 7 75 2 3 2 0 4 0 8 2 0 2 3 2 1 0 
0 59 0 6 75 2 3 2 0 4 0 8 2 0 2 3 2 1 0 
0 59 0 6 75 2 3 1 0 4 0 8 2 0 2 3 2 1 0 
1 64 0 7 66 2 3 1 0 4 0 8 0 0 2 3 2 1 0 
0 64 0 7 66 2 3 1 1 4 0 8 0 0 2 3 2 1 0 
1 64 0 0 66 2 3 1 0 4 0 8 0 0 2 3 2 1 0 
1 64 0 0 66 2 4 1 0 4 0 8 0 0 2 3 2 1 0 
1 64 0 0 66 2 4 1 0 4 1 8 0 0 2 3 2 1 0 
1 64 0 7 66 2 3 1 1 4 0 8 0 0 2 3 2 1 0 
1 64 0 7 66 2 3 3 1 4 0 8 0 0 2 3 2 1 0 
1 64 0 7 66 3 3 3 1 4 0 8 0 0 2 3 2 1 0 
1 64 0 7 66 2 3 3 1 4 0 8 1 0 2 3 2 1 0 
1 64 0 7 66 2 3 3 1 4 0 8 1 1 2 3 2 1 0 
2 64 0 7 66 2 3 3 1 4 0 8 1 1 2 3 2 1 0 
2 64 0 7 73 2 3 3 1 4 0 8 1 1 2 3 2 1 0 
1 64 0 7 66 2 3 3 1 4 1 8 1 1 2 3 2 1 0 
1 64 0 7 66 2 3 3 1 4 0 8 1 1 3 3 2 1 0 
1 64 0 0 66 2 4 1 0 4 1 7 0 0 2 3 2 1 0 
2 64 0 7 73 2 3 3 1 4 0 8 1 0 2 3 2 1 0 
3 64 0 7 73 2 3 3 1 4 0 8 1 0 2 3 2 1 0 
3 65 0 7 73 2 3 3 1 4 0 8 1 0 2 3 2 1 0 
2 64 0 7 73 2 3 3 1 1 0 8 1 0 2 3 2 1 0 
0 64 0 7 66 2 3 1 1 4 0 7 0 0 2 3 2 1 0 
0 64 0 7 66 2 3 1 1 4 0 7 0 0 2 3 2 0 0 
0 64 0 7 66 2 3 3 1 4 0 7 0 0 2 3 2 0 0 
0 64 0 0 66 2 3 3 1 4 0 7 0 0 2 3 2 0 0 
0 64 0 0 66 2 3 3 1 4 0 7 0 2 2 3 2 0 0 
0 64 0 7 66 4 3 3 1 4 0 7 0 0 2 3 2 0 0 
0 64 0 7 66 4 3 3 1 4 0 7 0 0 2 3 2 1 0 
0 64 0 7 66 4 3 3 1 4 0 7 1 0 2 3 2 1 0 
0 64 0 7 66 0 3 3 1 4 0 7 0 0 2 3 2 0 0 
0 64 0 7 66 0 3 3 1 4 0 7 0 0 2 3 2 1 0 
0 64 0 7 66 0 3 4 1 4 0 7 0 0 2 3 2 1 0 
0 64 0 7 66 0 3 4 1 4 0 7 2 0 2 3 2 1 0 
0 64 0 7 66 0 3 1 1 4 0 7 0 0 2 3 2 1 0 
0 64 0 7 66 0 3 1 1 4 0 7 0 2 2 3 2 1 0 
0 64 0 7 66 0 4 3 1 4 0 7 0 0 2 3 2 1 0 
0 64 0 7 66 0 4 1 1 4 0 7 0 0 2 3 2 1 0 
0 64 0 7 66 0 4 1 1 4 2 7 0 0 2 3 2 1 0 
0 64 0 7 66 0 4 2 1 4 0 7 0 0 2 3 2 1 0 
1 64 0 7 66 0 4 1 1 4 0 7 0 0 2 3 2 1 0 
0 64 0 6 66 0 3 4 1 4 0 7 0 0 2 3 2 1 0 
1 64 0 6 66 0 3 4 1 4 0 7 0 0 2 3 2 1 0 
1 64 0 6 66 0 3 4 1 4 0 7 0 2 2 3 2 1 0 
0 64 0 7 66 0 3 1 1 4 0 7 2 0 2 3 2 1 0 
0 64 0 7 66 2 3 1 1 4 0 7 2 0 2 3 2 1 0 
0 64 0 7 66 2 3 1 0 4 0 7 2 0 2 3 2 1 0 
0 64 0 7 66 0 3 2 1 4 0 7 2 0 2 3 2 1 0 
2 64 0 7 66 0 3 2 1 4 0 7 2 0 2 3 2 1 0 
2 64 0 7 66 0 3 3 1 4 0 7 2 0 2 3 2 1 0 
0 64 0 7 66 2 3 1 1 4 1 7 2 0 2 3 2 1 0 
0 64 2 7 66 2 3 1 1 4 0 7 2 0 2 3 2 1 0 
0 64 2 7 66 2 3 1 1 4 0 7 2 2 2 3 2 1 0 
0 64 2 7 66 2 3 4 1 4 0 7 2 2 2 3 2 1 0 
0 64 2 7 66 2 3 1 1 4 0 7 2 0 3 3 2 1 0 
0 78 2 7 66 2 3 1 1 4 0 7 2 0 3 3 2 1 0 
0 65 0 7 66 0 4 1 1 4 0 7 0 0 2 3 2 1 0 
0 65 0 7 66 0 4 1 0 4 0 7 0 0 2 3 2 1 0 
0 65 0 7 66 0 4 1 0 4 0 7 2 0 2 3 2 1 0 
0 65 0 6 66 0 4 1 0 4 0 7 0 0 2 3 2 1 0 
0 65 0 6 66 0 4 1 0 4 0 7 2 0 2 3 2 1 0 
0 65 0 6 66 0 4 1 0 1 0 7 2 0 2 3 2 1 0 
0 65 0 6 66 0 4 1 0 1 2 7 2 0 2 3 2 1 0 
0 65 0 6 68 0 4 1 0 1 2 7 2 0 2 3 2 1 0 
0 65 0 6 66 0 4 1 0 1 2 8 2 0 2 3 2 1 0 
0 65 0 6 66 0 4 1 0 2 0 7 0 0 2 3 2 1 0 
0 65 0 6 66 0 4 2 0 1 0 7 2 0 2 3 2 1 0 
0 65 0 6 66 0 4 1 2 4 0 7 2 0 2 3 2 1 0 
0 65 0 6 66 0 4 1 2 4 1 7 2 0 2 3 2 1 0 
0 65 0 6 66 0 4 1 2 4 0 7 0 0 2 3 2 1 0 
0 65 0 6 66 4 4 1 0 4 0 7 2 0 2 3 2 1 0 
0 65 0 7 66 0 4 1 1 4 0 7 2 0 2 3 2 1 0 
0 65 0 7 66 0 4 1 1 4 0 7 2 0 2 3 1 1 0 
0 65 0 6 66 0 4 1 1 4 0 7 2 0 2 3 1 1 0 
0 65 0 6 66 4 4 1 1 4 0 7 2 0 2 3 1 1 0 
0 72 0 6 66 4 4 1 1 4 0 7 2 0 2 3 1 1 0 
0 72 0 6 66 0 4 1 1 4 0 7 2 0 2 3 1 1 0 
0 72 0 6 66 4 4 1 0 4 0 7 2 0 2 3 1 1 0 
0 72 0 6 66 4 4 1 0 4 0 7 2 0 1 3 1 1 0 
0 65 0 7 66 0 4 1 1 4 2 7 2 0 2 3 1 1 0 
0 65 0 6 66 0 4 1 2 4 1 7 2 0 2 1 2 1 0 
0 65 0 6 66 3 4 1 2 4 1 7 2 0 2 1 2 1 0 
2 65 0 6 66 3 4 1 2 4 1 7 2 0 2 1 2 1 0 
0 65 0 6 66 3 4 1 2 4 1 7 2 2 2 1 2 1 0 
2 78 0 6 66 3 4 1 2 4 1 7 2 0 2 1 2 1 0 
2 78 0 6 66 3 4 2 2 4 1 7 2 0 2 1 2 1 0 
0 65 0 6 66 0 4 1 2 4 1 8 2 0 2 3 2 1 0 
1 65 0 6 66 0 4 1 2 4 1 8 2 0 2 3 2 1 0 
2 64 0 7 66 0 4 1 1 4 2 7 0 0 2 3 2 1 0 
2 64 0 7 66 0 4 1 1 4 2 7 1 0 2 3 2 1 0 
1 64 0 6 66 0 3 4 1 4 1 7 0 2 2 3 2 1 0 
1 64 0 6 66 0 3 4 1 4 1 7 0 0 2 3 2 1 0 
0 64 0 6 66 0 3 4 1 4 1 7 0 0 2 3 2 1 0 
0 64 0 6 66 0 3 4 1 4 1 7 0 0 3 3 2 1 0 
0 64 0 6 66 0 3 4 1 4 1 7 0 1 3 3 2 1 0 
0 64 0 6 66 0 3 4 1 4 1 8 0 1 3 3 2 1 0 
2 64 0 6 66 0 3 4 1 4 1 8 0 1 3 3 2 1 0 
0 64 0 6 66 0 3 1 1 4 1 7 0 1 3 3 2 1 0 
2 64 0 6 66 0 3 1 1 4 1 8 0 1 3 3 2 1 0 
2 64 0 6 66 0 3 1 1 4 1 8 0 1 1 3 2 1 0 
2 64 0 6 66 0 3 1 1 4 1 8 0 1 1 3 1 1 0 
2 64 0 6 66 0 3 1 1 4 1 7 0 1 3 3 2 1 0 
0 64 0 0 66 0 3 4 1 4 1 7 0 1 3 3 2 1 0 
0 64 0 0 66 2 3 4 1 4 1 7 0 1 3 3 2 1 0 
0 64 0 0 66 2 3 4 1 4 1 7 0 1 3 3 1 1 0 
2 64 0 0 66 2 3 4 1 4 1 7 0 1 3 3 2 1 0 
2 64 0 0 66 2 3 4 1 4 1 7 0 1 4 3 2 1 0 
1 64 0 6 66 0 3 4 1 4 1 7 0 0 3 3 2 1 0 
2 64 0 5 66 2 3 4 1 4 1 7 0 1 3 3 2 1 0 
2 64 0 5 66 2 3 4 1 4 1 7 2 1 3 3 2 1 0 
0 64 3 7 66 2 3 4 1 4 0 7 2 2 2 3 2 1 0 
2 64 0 6 66 0 3 1 1 4 1 8 1 1 1 3 1 1 0 
0 64 0 7 66 0 3 1 1 4 1 7 0 0 2 3 2 1 0 
0 64 0 7 66 0 3 1 2 4 1 7 0 0 2 3 2 1 0 
0 65 0 6 66 0 4 1 1 4 2 7 2 0 2 3 1 1 0 
0 64 3 7 66 2 3 4 1 1 0 7 2 2 2 3 2 1 0 
0 64 3 7 66 2 3 4 2 1 0 7 2 2 2 3 2 1 0 
1 64 0 6 66 0 3 4 1 4 1 7 0 0 3 3 2 0 0 
1 64 0 6 66 0 3 4 1 4 1 7 0 0 1 3 2 0 0 
3 64 0 6 66 0 3 4 1 4 1 7 0 0 1 3 2 0 0 
3 64 0 6 66 0 3 4 1 4 1 7 0 2 1 3 2 0 0 
3 64 0 6 66 0 3 4 1 4 1 8 0 2 1 3 2 0 0 
3 64 2 6 66 0 3 4 1 4 1 7 0 0 1 3 2 0 0 
3 64 3 6 66 0 3 4 1 4 1 7 0 0 1 3 2 0 0 
3 64 2 6 66 0 3 4 1 4 1 7 0 2 1 3 2 0 0 
3 64 2 6 66 0 3 4 2 4 1 7 0 2 1 3 2 0 0 
3 64 3 6 66 0 3 4 2 4 1 7 0 2 1 3 2 0 0 
3 25 3 6 66 0 3 4 2 4 1 7 0 2 1 3 2 0 0 
3 64 3 6 66 0 3 4 2 4 1 7 0 0 1 3 2 0 0 
3 64 0 6 66 0 3 4 2 4 1 7 0 0 1 3 2 0 0 
3 64 0 0 66 0 3 4 2 4 1 7 0 0 1 3 2 0 0 
3 64 0 0 66 0 3 4 2 4 1 7 0 0 1 0 2 0 0 
3 64 0 6 66 0 0 4 2 4 1 7 0 0 1 3 2 0 0 
3 64 3 6 66 0 3 4 1 4 1 7 2 0 1 3 2 0 0 
3 64 4 6 66 0 3 4 1 4 1 7 2 0 1 3 2 0 0 
3 64 3 6 66 0 3 4 1 4 1 7 2 0 3 3 2 0 0 
3 64 4 6 66 0 3 4 1 4 2 7 2 0 1 3 2 0 0 
3 64 2 6 66 0 3 1 2 4 1 7 0 2 1 3 2 0 0 
3 64 2 6 66 0 3 1 2 4 1 7 2 2 1 3 2 0 0 
3 64 2 6 66 4 3 1 2 4 1 7 2 2 1 3 2 0 0 
3 64 2 6 66 1 3 1 2 4 1 7 0 2 1 3 2 0 0 
3 64 2 6 66 4 3 2 2 4 1 7 2 2 1 3 2 0 0 
3 64 0 6 66 0 3 4 1 4 1 7 0 2 1 3 1 0 0 
3 64 0 6 66 0 3 4 1 4 2 7 0 2 1 3 1 0 0 
3 64 2 6 66 0 3 1 1 4 1 7 0 0 1 3 2 0 0 
3 64 2 6 66 0 3 1 1 4 1 7 0 0 1 3 2 1 0 
3 64 2 6 66 0 3 1 1 4 0 7 0 0 1 3 2 0 0 
3 64 2 0 66 0 3 1 1 4 0 7 0 0 1 3 2 0 0 
3 71 2 0 66 0 3 1 1 4 0 7 0 0 1 3 2 0 0 
2 64 0 5 66 2 3 4 1 1 1 7 2 1 3 3 2 1 0 
2 64 0 5 66 4 3 4 1 1 1 7 2 1 3 3 2 1 0 
2 64 0 5 66 4 3 4 1 1 1 7 0 1 3 3 2 1 0 
2 64 0 0 66 4 3 4 1 1 1 7 0 1 3 3 2 1 0 
2 53 0 5 66 4 3 4 1 1 1 7 0 1 3 3 2 1 0 
0 59 0 6 66 0 3 4 1 4 0 7 0 0 2 3 2 1 0 
0 59 0 6 66 0 3 1 1 4 0 7 0 0 2 3 2 1 0 
0 59 0 6 66 0 3 4 1 1 0 7 0 0 2 3 2 1 0 
0 59 0 6 66 0 3 4 1 1 0 7 0 0 1 3 2 1 0 
2 59 0 6 66 0 3 4 1 1 0 7 0 0 1 3 2 1 0 
2 59 0 6 66 0 3 4 1 1 3 7 0 0 1 3 2 1 0 
2 61 0 6 66 0 3 4 1 1 3 7 0 0 1 3 2 1 0 
2 59 0 0 66 0 3 4 1 1 0 7 0 0 1 3 2 1 0 
2 59 0 0 66 3 3 4 1 1 0 7 0 0 1 3 2 1 0 
0 65 0 6 57 4 4 1 0 4 0 7 2 0 2 3 2 1 0 
0 65 0 6 57 4 4 2 0 4 0 7 2 0 2 3 2 1 0 
0 65 1 6 66 0 4 2 0 1 0 7 2 0 2 3 2 1 0 
0 65 1 6 59 0 4 2 0 1 0 7 2 0 2 3 2 1 0 
0 65 1 6 66 0 4 2 1 1 0 7 2 0 2 3 2 1 0 
3 64 3 6 72 0 3 4 2 4 1 7 0 0 1 3 2 0 0 
3 64 0 6 72 0 3 4 2 4 1 7 0 0 1 3 2 0 0 
3 64 0 7 73 2 3 1 1 4 0 8 1 0 2 3 2 1 0 
3 64 2 6 66 1 3 4 2 4 1 7 0 2 1 3 2 0 0 
0 64 2 6 66 1 3 4 2 4 1 7 0 2 1 3 2 0 0 
3 64 2 7 66 1 3 4 2 4 1 7 0 2 1 3 2 0 0 
0 64 0 6 66 1 3 4 2 4 1 7 0 2 1 3 2 0 0 
0 64 0 6 66 1 3 4 2 4 1 7 0 2 2 3 2 0 0 
0 64 0 6 66 1 3 4 2 1 1 7 0 2 1 3 2 0 0 
0 25 0 6 66 1 3 4 2 1 1 7 0 2 1 3 2 0 0 
0 25 0 10 66 1 3 4 2 1 1 7 0 2 1 3 2 0 0 
3 64 2 7 73 1 3 4 2 4 1 7 0 2 1 3 2 0 0 
0 64 0 7 66 0 4 3 1 4 1 7 0 0 2 3 2 1 0 
0 64 0 7 66 0 4 3 1 4 1 7 0 2 2 3 2 1 0 
0 69 0 7 66 0 4 3 1 4 1 7 0 2 2 3 2 1 0 
0 64 0 7 66 0 4 3 1 4 0 7 0 2 2 3 2 1 0 
0 69 0 7 66 0 4 1 1 4 1 7 0 2 2 3 2 1 0 
0 69 0 7 66 0 4 4 1 4 1 7 0 2 2 3 2 1 0 
0 64 0 7 66 2 4 3 1 4 0 7 0 2 2 3 2 1 0 
0 64 0 7 85 2 4 3 1 4 0 7 0 2 2 3 2 1 0 
0 69 0 7 66 0 4 4 1 4 1 7 0 2 2 3 1 1 0 
0 64 0 7 66 2 4 3 1 4 1 7 0 2 2 3 2 1 0 
2 64 0 7 66 0 4 3 1 4 1 7 0 2 2 3 2 1 0 
0 64 1 7 66 0 4 3 1 4 1 7 0 2 2 3 2 1 0 
0 64 1 7 66 0 4 4 1 4 1 7 0 2 2 3 2 1 0 
0 64 1 7 66 3 4 4 1 4 1 7 0 2 2 3 2 1 0 
0 64 1 7 66 3 4 4 1 4 1 7 0 2 2 3 2 0 0 
0 64 1 7 66 3 4 4 1 4 1 7 0 0 2 3 2 1 0 
0 64 0 7 66 2 4 3 1 4 1 7 0 0 2 3 2 1 0 
0 64 0 7 66 2 4 3 1 4 1 7 2 0 2 3 2 1 0 
0 64 0 7 66 2 4 3 1 4 0 7 2 0 2 3 2 1 0 
0 64 0 7 66 2 4 3 0 4 1 7 2 0 2 3 2 1 0 
0 64 0 7 66 2 4 1 0 4 1 7 2 0 2 3 2 1 0 
0 64 0 7 66 2 4 1 0 4 0 7 2 0 2 3 2 1 0 
0 64 0 7 66 4 4 1 0 4 0 7 2 0 2 3 2 1 0 
0 64 0 7 66 2 4 1 2 4 1 7 2 0 2 3 2 1 0 
0 63 0 7 66 2 4 1 0 4 0 7 2 0 2 3 2 1 0 
0 63 0 7 66 2 4 1 0 4 0 7 0 0 2 3 2 1 0 
0 63 0 7 66 2 4 1 2 4 0 7 0 0 2 3 2 1 0 
2 63 0 7 66 2 4 1 0 4 0 7 2 0 2 3 2 1 0 
0 63 1 7 66 2 4 1 0 4 0 7 0 0 2 3 2 1 0 
0 63 1 7 66 2 4 3 0 4 0 7 0 0 2 3 2 1 0 
0 63 3 7 66 2 4 3 0 4 0 7 0 0 2 3 2 1 0 
0 63 1 7 66 2 4 3 0 4 0 7 0 0 1 3 2 1 0 
0 63 1 0 66 2 4 3 0 4 0 7 0 0 2 3 2 1 0 
0 63 1 7 66 0 4 3 0 4 0 7 0 0 1 3 2 1 0 
0 63 0 7 66 2 4 1 0 4 0 7 2 0 3 3 2 1 0 
0 63 0 6 66 2 4 1 0 4 0 7 2 0 3 3 2 1 0 
0 63 2 7 66 2 4 1 0 4 0 7 2 0 3 3 2 1 0 
2 64 0 7 66 2 4 3 1 4 1 7 0 0 2 3 2 1 0 
1 64 0 7 66 2 4 3 1 4 1 7 0 2 2 3 2 1 0 
1 64 0 7 66 4 4 3 1 4 1 7 0 2 2 3 2 1 0 
1 64 0 7 66 4 4 3 2 4 1 7 0 2 2 3 2 1 0 
1 64 0 7 66 4 4 3 2 4 1 7 1 2 2 3 2 1 0 
1 64 0 7 66 4 4 3 2 4 1 7 1 2 2 3 1 1 0 
1 64 0 8 66 4 4 3 2 4 1 7 1 2 2 3 1 1 0 
1 64 0 8 66 4 4 3 2 4 2 7 1 2 2 3 1 1 0 
1 64 0 8 66 4 4 3 2 4 1 7 1 2 1 3 1 1 0 
1 64 2 8 66 4 4 3 2 4 1 7 1 2 2 3 1 1 0 
1 21 2 8 66 4 4 3 2 4 1 7 1 2 2 3 1 1 0 
0 21 2 8 66 4 4 3 2 4 1 7 1 2 2 3 1 1 0 
0 21 2 8 66 4 4 3 2 4 1 7 0 2 2 3 1 1 0 
1 64 0 8 66 4 4 3 2 4 2 7 1 0 2 3 1 1 0 
1 64 0 7 66 4 4 3 1 4 1 7 2 2 2 3 2 1 0 
1 64 0 7 69 4 4 3 1 4 1 7 2 2 2 3 2 1 0 
0 64 0 8 66 4 4 3 2 4 2 7 1 0 2 3 1 1 0 
0 64 0 8 66 4 4 3 2 4 0 7 1 0 2 3 1 1 0 
0 64 0 8 66 4 4 1 2 4 2 7 1 0 2 3 1 1 0 
0 64 0 7 66 2 4 3 1 1 0 7 2 0 2 3 2 1 0 
0 64 1 7 66 3 4 4 1 1 1 7 0 0 2 3 2 1 0 
0 64 0 7 66 3 4 4 1 1 1 7 0 0 2 3 2 1 0 
0 64 0 7 66 0 4 4 1 1 1 7 0 0 2 3 2 1 0 
0 64 0 7 66 3 4 4 1 1 1 7 0 0 2 0 2 1 0 
0 64 0 7 66 4 4 4 1 1 1 7 0 0 2 0 2 1 0 
0 64 1 7 66 0 4 4 1 4 1 7 0 2 2 3 2 0 0 
3 64 1 7 66 0 4 4 1 4 1 7 0 2 2 3 2 0 0 
0 63 0 6 66 2 4 1 0 4 0 7 2 0 3 3 1 1 0 
1 64 0 7 66 2 4 3 1 4 0 7 0 2 2 3 2 1 0 
1 64 0 7 66 2 4 3 1 4 1 7 0 2 4 3 2 1 0 
1 64 0 7 66 2 4 3 1 4 0 7 0 0 2 3 2 1 0 
1 64 0 7 66 2 4 3 1 4 0 7 0 0 2 0 2 1 0 
1 64 0 7 66 2 4 3 1 4 0 7 0 0 2 2 2 1 0 
1 64 0 7 66 2 4 3 0 4 0 7 0 0 2 2 2 1 0 
1 64 0 7 66 2 4 3 1 4 0 7 0 0 2 2 1 1 0 
1 64 0 7 66 2 4 3 1 4 0 7 0 0 2 3 1 1 0 
0 63 1 7 66 0 4 3 0 4 0 7 0 2 1 3 2 1 0 
2 63 1 7 66 0 4 3 0 4 0 7 0 2 1 3 2 1 0 
0 64 0 6 66 0 4 3 1 4 0 7 0 0 2 3 2 1 0 
0 64 2 6 66 0 4 3 1 4 0 7 0 0 2 3 2 1 0 
0 54 0 6 66 0 4 3 1 4 0 7 0 0 2 3 2 1 0 
0 54 0 6 66 0 4 3 1 4 0 7 0 0 2 3 2 0 0 
0 54 0 6 66 0 4 3 1 4 0 8 0 0 2 3 2 1 0 
1 54 0 6 66 0 4 3 1 4 0 8 0 0 2 3 2 1 0 
0 54 0 0 66 0 4 3 1 4 0 7 0 0 2 3 2 1 0 
0 65 0 6 66 3 4 1 2 4 1 7 2 1 2 1 2 1 0 
2 65 0 6 66 3 4 1 2 4 1 7 2 1 2 1 2 1 0 
2 65 0 6 66 3 4 1 2 4 2 7 2 1 2 1 2 1 0 
2 65 0 6 66 3 4 1 2 4 3 7 2 1 2 1 2 1 0 
0 65 0 7 66 3 4 1 2 4 1 7 2 1 2 1 2 1 0 
2 65 3 6 66 3 4 1 2 4 2 7 2 1 2 1 2 1 0 
2 65 0 6 66 3 4 1 2 4 3 7 0 1 2 1 2 1 0 
2 65 0 6 66 3 4 1 2 4 3 7 0 0 2 1 2 1 0 
2 65 0 0 66 3 4 1 2 4 3 7 0 0 2 1 2 1 0 
2 65 0 6 66 3 4 1 2 4 3 7 0 1 2 1 1 1 0 
2 65 0 7 66 3 4 1 2 4 1 7 2 1 2 1 2 1 0 
2 65 0 7 66 3 4 1 2 4 1 7 2 1 2 3 2 1 0 
0 65 0 7 66 3 4 1 2 4 1 7 2 1 2 3 2 1 0 
0 65 0 7 66 3 4 1 2 4 1 7 2 2 2 3 2 1 0 
0 65 0 7 66 3 4 4 2 4 1 7 2 2 2 3 2 1 0 
0 65 0 7 66 3 4 4 2 4 3 7 2 2 2 3 2 1 0 
2 65 0 7 66 3 4 1 2 1 1 7 2 1 2 3 2 1 0 
0 65 1 7 66 3 4 1 2 4 1 7 2 1 2 3 2 1 0 
0 65 1 7 66 0 4 1 2 4 1 7 2 1 2 3 2 1 0 
2 65 1 7 66 3 4 1 2 4 1 7 2 1 2 3 2 1 0 
0 65 1 7 66 3 4 1 2 4 2 7 2 1 2 3 2 1 0 
0 65 0 7 66 3 4 1 2 4 2 7 2 1 2 3 2 1 0 
0 65 0 7 66 3 4 1 2 4 2 7 2 1 2 3 1 1 0 
0 47 0 7 66 3 4 4 2 4 1 7 2 2 2 3 2 1 0 
0 65 1 7 66 0 4 2 2 4 1 7 2 1 2 3 2 1 0 
0 65 1 7 66 0 4 2 0 4 1 7 2 1 2 3 2 1 0 
2 65 0 7 66 3 4 1 2 4 2 7 2 1 2 1 2 1 0 
2 65 0 7 66 3 4 1 2 4 2 7 2 0 2 1 2 1 0 
2 65 0 6 66 3 4 1 2 4 2 7 2 0 2 1 2 1 0 
2 65 0 6 66 0 4 1 2 4 2 7 2 0 2 1 2 1 0 
2 65 0 6 69 3 4 1 2 4 2 7 2 1 2 1 2 1 0 
2 65 4 6 69 3 4 1 2 4 2 7 2 1 2 1 2 1 0 
2 65 0 6 69 0 4 1 2 4 2 7 2 1 2 1 2 1 0 
2 65 0 6 69 0 4 1 2 4 0 7 2 1 2 1 2 1 0 
2 65 0 0 69 0 4 1 2 4 2 7 2 1 2 1 2 1 0 
2 75 0 0 69 0 4 1 2 4 2 7 2 1 2 1 2 1 0 
3 75 0 0 69 0 4 1 2 4 2 7 2 1 2 1 2 1 0 
2 65 0 6 69 0 4 1 2 4 3 7 2 1 2 1 2 1 0 
2 65 0 6 69 3 4 1 2 4 3 7 2 1 2 1 2 1 0 
2 65 0 6 69 0 4 1 2 4 2 7 2 1 2 2 2 1 0 
2 65 0 0 69 0 4 1 2 4 2 7 2 1 4 1 2 1 0 
0 65 0 6 69 0 4 1 2 4 3 7 2 1 2 1 2 1 0 
0 65 0 6 69 0 4 1 2 4 3 7 2 0 2 1 2 1 0 
2 65 0 6 69 0 4 1 2 4 3 7 2 0 2 1 2 1 0 
2 65 0 0 69 0 4 1 2 4 3 7 2 0 2 1 2 1 0 
2 65 0 0 69 0 4 1 2 4 2 7 2 1 2 2 2 1 0 
2 65 0 0 69 0 4 1 2 4 2 7 2 1 2 0 2 1 0 
2 65 0 0 69 0 4 1 2 1 2 7 2 1 2 0 2 1 0 
2 65 2 0 69 0 4 1 2 4 2 7 2 1 2 0 2 1 0 
2 65 3 0 69 0 4 1 2 4 2 7 2 1 2 0 2 1 0 
2 65 3 0 69 1 4 1 2 4 2 7 2 1 2 0 2 1 0 
2 65 2 0 69 0 4 2 2 4 2 7 2 1 2 0 2 1 0 
2 65 2 0 69 0 4 2 2 4 0 7 2 1 2 0 2 1 0 
2 65 2 3 69 0 4 2 2 4 0 7 2 1 2 0 2 1 0 
2 65 2 1 69 0 4 2 2 4 2 7 2 1 2 0 2 1 0 
2 65 2 3 69 0 4 3 2 4 0 7 2 1 2 0 2 1 0 
2 65 0 3 69 0 4 3 2 4 0 7 2 1 2 0 2 1 0 
2 65 2 3 71 0 4 2 2 4 0 7 2 1 2 0 2 1 0 
2 65 2 3 71 0 4 2 2 4 2 7 2 1 2 0 2 1 0 
3 65 2 3 71 0 4 2 2 4 2 7 2 1 2 0 2 1 0 
3 65 2 0 71 0 4 2 2 4 2 7 2 1 2 0 2 1 0 
2 65 2 3 71 0 4 2 2 4 2 7 2 0 2 0 2 1 0 
2 65 0 3 71 0 4 2 2 4 2 7 2 0 2 0 2 1 0 
2 65 0 3 73 0 4 2 2 4 2 7 2 0 2 0 2 1 0 
3 65 2 3 71 0 4 2 2 4 0 7 2 1 2 0 2 1 0 
3 65 2 0 71 0 4 3 2 4 2 7 2 1 2 0 2 1 0 
2 65 2 3 71 0 4 3 2 4 0 7 2 1 2 0 2 1 0 
2 65 2 3 71 0 4 3 2 4 1 7 2 1 2 0 2 1 0 
2 65 0 0 69 0 4 1 2 4 3 7 2 1 2 1 2 1 0 
2 65 0 0 69 0 4 1 2 4 3 7 2 2 2 1 2 1 0 
2 65 0 0 69 0 4 1 2 4 3 7 0 2 2 1 2 1 0 
2 65 0 0 69 0 4 1 2 4 3 7 2 1 2 0 2 1 0 
2 65 0 0 69 0 4 1 2 4 0 7 2 1 2 0 2 1 0 
0 65 0 0 69 0 4 1 2 4 3 7 2 0 2 1 2 1 0 
0 65 0 0 69 0 4 3 2 4 3 7 2 0 2 1 2 1 0 
0 65 0 0 69 0 4 3 2 4 3 7 2 0 2 1 1 1 0 
0 65 0 0 69 0 4 1 2 4 3 7 2 0 2 1 1 1 0 
0 65 4 0 69 0 4 1 2 4 3 7 2 0 2 1 1 1 0 
0 65 4 0 69 0 4 1 2 4 3 7 2 0 2 1 2 1 0 
