0 18 1 4 39 3 3 4 2 1 0 4 2 0 2 3 2 0 0 
0 18 1 4 39 3 3 1 2 1 0 4 2 0 2 3 2 0 0 
0 18 0 4 39 3 3 1 2 1 0 4 2 0 2 3 2 0 0 
0 18 0 4 39 3 3 1 2 1 0 4 2 0 3 3 2 0 0 
0 18 1 4 39 3 3 1 2 1 0 4 2 0 2 0 2 0 0 
0 18 1 5 39 3 3 4 2 1 0 4 2 0 2 3 2 0 0 
0 18 1 5 39 3 3 1 2 1 0 4 2 0 2 3 2 0 0 
0 18 1 5 39 3 3 3 2 1 0 4 2 0 2 3 2 0 0 
0 33 1 5 39 3 3 1 2 1 0 4 2 0 2 3 2 0 0 
0 33 1 5 39 4 3 1 2 1 0 4 2 0 2 3 2 0 0 
0 33 1 5 39 4 0 1 2 1 0 4 2 0 2 3 2 0 0 
0 33 1 5 39 4 0 1 2 1 0 4 2 0 1 3 2 0 0 
0 33 1 5 39 4 0 4 2 1 0 4 2 0 2 3 2 0 0 
0 33 1 5 39 4 0 4 2 1 3 4 2 0 2 3 2 0 0 
0 33 1 5 39 3 3 1 2 4 0 4 2 0 2 3 2 0 0 
0 33 1 5 39 3 3 1 2 4 0 4 2 2 2 3 2 0 0 
0 29 1 5 39 3 3 1 2 4 0 4 2 2 2 3 2 0 0 
0 33 0 5 39 3 3 1 2 1 0 4 2 0 2 3 2 0 0 
0 29 4 5 39 3 3 1 2 4 0 4 2 2 2 3 2 0 0 
0 19 1 6 13 2 0 3 1 1 0 1 1 0 4 0 1 1 0 
0 19 1 6 13 2 0 1 1 1 0 1 1 0 4 0 1 1 0 
0 19 1 6 13 2 0 1 1 1 0 1 1 0 4 2 1 1 0 
0 19 1 6 13 2 0 3 1 2 0 1 1 0 4 0 1 1 0 
0 22 3 2 168 3 0 2 2 4 3 8 1 2 3 1 2 0 0 
0 23 3 2 168 3 0 2 2 4 3 8 1 2 3 1 2 0 0 
0 25 4 2 88 3 4 3 1 3 2 3 0 2 4 2 2 1 0 
0 31 4 1 189 0 0 1 0 4 2 5 2 2 2 0 2 0 1 
0 32 2 0 52 1 3 1 0 3 0 3 0 2 4 0 2 0 1 
0 32 2 0 52 4 3 1 0 3 0 3 0 2 4 0 2 0 1 
0 32 2 0 52 1 3 1 0 3 2 3 0 2 4 0 2 0 1 
0 32 2 0 52 1 3 1 0 3 2 3 0 2 4 1 2 0 1 
0 32 2 0 200 4 3 1 0 3 0 3 0 2 4 0 2 0 1 
0 32 2 0 52 4 3 1 0 3 0 3 0 2 4 1 2 0 1 
0 32 2 0 52 4 3 1 0 3 0 3 0 2 4 1 1 0 1 
0 32 2 0 52 4 0 1 0 3 0 3 0 2 4 1 1 0 1 
0 32 2 0 52 4 0 1 0 3 0 3 1 2 4 1 1 0 1 
1 32 2 0 52 4 3 1 0 3 0 3 0 2 4 1 1 0 1 
0 32 2 0 130 4 3 1 0 3 0 3 0 2 4 0 2 0 1 
0 32 2 0 185 4 3 1 0 3 0 3 0 2 4 0 2 0 1 
0 36 4 9 157 4 4 3 0 2 1 5 0 0 3 2 1 0 1 
0 36 4 9 157 4 4 3 0 2 1 5 0 0 3 3 1 0 1 
0 36 0 9 157 4 4 3 0 2 1 5 0 0 3 2 1 0 1 
0 39 3 3 194 1 0 4 1 1 3 8 1 0 2 1 2 1 1 
0 39 3 3 194 1 0 4 1 1 3 8 1 0 2 3 2 1 1 
0 39 3 6 194 1 0 4 1 1 3 8 1 0 2 3 2 1 1 
0 42 3 6 194 1 0 4 1 1 3 8 1 0 2 3 2 1 1 
0 42 3 6 194 1 0 4 1 1 3 8 1 0 3 3 2 1 1 
0 42 3 6 193 1 0 4 1 1 3 8 1 0 3 3 2 1 1 
0 42 3 7 193 1 0 4 1 1 3 8 1 0 3 3 2 1 1 
0 42 3 7 184 1 0 4 1 1 3 8 1 0 3 3 2 1 1 
0 42 0 7 58 2 4 4 0 2 0 1 2 2 3 1 1 0 0 
0 42 0 7 58 4 4 4 0 2 0 1 2 2 3 1 1 0 0 
0 42 2 1 182 3 1 4 2 2 2 2 2 1 4 2 2 0 0 
0 44 0 9 69 0 4 1 1 4 1 1 2 1 1 3 2 1 0 
0 44 1 9 69 0 4 1 1 4 1 1 2 1 1 3 2 1 0 
0 45 2 0 169 4 4 3 0 1 0 6 0 0 3 3 2 0 1 
0 48 3 3 64 3 4 3 2 3 1 3 0 2 3 1 2 0 0 
0 48 4 3 64 3 4 3 2 3 1 3 0 2 3 1 2 0 0 
0 50 3 8 52 3 3 4 0 2 2 6 0 2 2 1 1 0 1 
0 52 1 3 47 4 4 3 0 4 2 4 1 1 4 3 1 1 0 
0 52 4 2 88 4 3 1 1 1 3 7 2 0 4 1 1 0 1 
0 57 1 0 170 4 2 2 0 4 0 4 2 2 4 3 2 0 0 
0 80 1 0 170 4 2 2 0 4 0 4 2 2 4 3 2 0 0 
0 59 1 1 80 4 3 4 2 2 0 3 1 1 2 3 2 0 1 
0 59 1 1 80 4 3 1 2 2 0 3 1 1 2 3 2 0 1 
0 59 1 1 80 4 3 3 2 2 0 3 1 1 2 3 2 0 1 
0 59 1 6 80 4 3 1 2 2 0 3 1 1 2 3 2 0 1 
0 59 1 1 80 4 3 1 2 2 0 3 1 1 2 0 2 0 1 
0 59 1 6 80 4 0 1 2 2 0 3 1 1 2 3 2 0 1 
0 59 1 6 80 4 0 1 2 2 0 3 1 1 2 0 2 0 1 
0 59 1 6 80 4 3 1 2 2 0 3 1 0 2 3 2 0 1 
0 59 1 6 80 4 4 1 2 2 0 3 1 0 2 3 2 0 1 
0 59 1 6 80 4 4 1 2 2 0 3 1 0 2 0 2 0 1 
0 59 1 6 80 4 4 3 2 2 0 3 1 0 2 0 2 0 1 
0 61 1 6 80 4 4 1 2 2 0 3 1 0 2 3 2 0 1 
0 61 1 6 80 4 4 1 2 2 0 3 1 2 2 3 2 0 1 
0 61 1 6 80 4 4 1 2 1 0 3 1 2 2 3 2 0 1 
0 61 1 6 80 4 4 1 2 2 0 3 1 0 2 3 1 0 1 
0 61 1 6 67 4 4 1 2 2 0 3 1 0 2 3 1 0 1 
0 61 1 6 80 4 4 1 2 3 0 3 1 0 2 3 1 0 1 
0 61 1 6 80 4 4 1 2 3 0 3 1 0 2 3 1 1 1 
0 61 1 6 80 4 4 1 2 3 0 1 1 0 2 3 1 1 1 
0 61 1 0 80 4 4 1 2 3 0 1 1 0 2 3 1 1 1 
0 61 1 6 80 4 4 1 2 3 0 1 1 1 2 3 1 1 1 
0 61 1 0 80 4 4 1 2 3 0 3 1 0 2 3 1 1 1 
0 61 0 0 80 4 4 1 2 3 0 3 1 0 2 3 1 1 1 
0 61 1 6 80 4 4 1 2 3 0 1 1 1 2 0 1 1 1 
0 61 2 6 80 4 4 1 2 3 0 1 1 0 2 3 1 1 1 
0 76 2 6 80 4 4 1 2 3 0 1 1 0 2 3 1 1 1 
0 76 2 6 80 4 4 1 2 3 0 1 1 0 1 3 1 1 1 
0 76 2 6 80 4 0 1 2 3 0 1 1 0 1 3 1 1 1 
0 76 2 6 80 4 4 1 2 3 0 1 2 0 1 3 1 1 1 
0 76 2 6 80 4 4 1 0 3 0 1 2 0 1 3 1 1 1 
2 76 2 6 80 4 4 1 2 3 0 1 1 0 1 3 1 1 1 
0 76 2 6 80 4 4 2 2 3 0 1 1 0 1 3 1 1 1 
0 76 2 6 80 4 4 2 2 3 0 1 0 0 1 3 1 1 1 
0 61 1 6 80 4 4 1 2 3 1 3 1 0 2 3 1 0 1 
0 61 1 6 80 4 4 1 2 3 1 3 1 2 2 3 1 0 1 
0 61 1 6 80 4 4 1 2 3 1 3 0 2 2 3 1 0 1 
0 61 0 6 80 4 4 1 2 3 1 3 0 2 2 3 1 0 1 
0 61 0 6 80 4 4 1 2 3 1 4 0 2 2 3 1 0 1 
0 61 0 6 80 4 4 1 2 3 1 4 1 2 2 3 1 0 1 
0 61 0 6 80 4 4 1 2 3 1 1 1 2 2 3 1 0 1 
0 61 0 0 80 4 4 1 2 3 1 1 1 2 2 3 1 0 1 
0 61 1 6 80 4 4 2 2 3 1 3 1 0 2 3 1 0 1 
0 61 1 9 80 4 4 2 2 3 1 3 1 0 2 3 1 0 1 
2 61 1 6 80 4 4 2 2 3 1 3 1 0 2 3 1 0 1 
2 61 1 9 80 4 4 2 2 3 1 3 1 0 2 3 1 0 1 
2 61 1 0 80 4 4 2 2 3 1 3 1 0 2 3 1 0 1 
0 61 1 6 80 4 4 1 2 3 1 3 0 2 4 3 1 0 1 
0 61 1 6 80 4 4 2 2 3 1 3 2 0 2 3 1 0 1 
0 61 0 6 80 4 4 2 2 3 1 3 2 0 2 3 1 0 1 
0 61 1 6 80 4 4 4 2 3 1 3 2 0 2 3 1 0 1 
0 61 4 6 80 4 4 4 2 3 1 3 2 0 2 3 1 0 1 
0 61 1 6 80 4 4 4 2 3 1 1 2 0 2 3 1 0 1 
0 61 1 0 80 4 4 4 2 3 1 1 2 0 2 3 1 0 1 
0 61 1 0 80 4 4 4 2 1 1 1 2 0 2 3 1 0 1 
0 61 1 6 80 4 4 1 2 3 1 1 2 0 2 3 1 0 1 
0 61 1 6 80 4 4 3 2 3 1 1 2 0 2 3 1 0 1 
0 61 1 0 80 4 4 3 2 3 1 1 2 0 2 3 1 0 1 
0 61 4 6 80 4 4 4 2 3 1 3 2 0 2 0 1 0 1 
0 61 1 6 80 4 4 3 2 3 1 1 2 0 1 3 1 0 1 
0 61 1 6 80 4 4 3 2 3 1 1 2 0 1 0 1 0 1 
0 61 1 0 80 4 4 3 2 3 1 1 2 0 1 0 1 0 1 
0 61 0 6 80 4 4 1 2 3 1 4 0 0 2 3 1 0 1 
0 61 0 6 80 4 4 1 2 3 1 4 0 0 2 0 1 0 1 
0 61 3 6 80 4 4 1 2 3 1 4 0 0 2 3 1 0 1 
0 61 0 6 80 4 4 1 2 3 1 4 0 0 1 3 1 0 1 
0 61 0 0 80 4 4 1 2 3 1 4 0 0 1 3 1 0 1 
0 61 0 9 80 4 4 1 2 3 1 4 0 0 1 3 1 0 1 
0 61 0 6 80 4 4 1 2 1 1 4 0 0 2 3 1 0 1 
0 61 0 9 80 4 4 1 2 3 2 4 0 0 1 3 1 0 1 
0 61 0 6 80 4 4 2 2 1 1 4 0 0 2 3 1 0 1 
0 61 0 0 80 4 4 2 2 1 1 4 0 0 2 3 1 0 1 
0 61 3 6 80 4 4 1 2 3 1 4 0 0 3 3 1 0 1 
0 61 3 0 80 4 4 1 2 3 1 4 0 0 3 3 1 0 1 
0 61 0 0 80 4 4 1 2 3 1 4 0 0 3 3 1 0 1 
0 61 3 6 80 4 4 1 2 3 1 4 0 2 3 3 1 0 1 
2 61 3 6 80 4 4 1 2 3 1 4 0 2 3 3 1 0 1 
0 61 0 1 80 4 4 1 2 3 1 4 0 0 3 3 1 0 1 
0 61 3 0 80 4 4 1 2 3 1 4 0 2 3 3 1 0 1 
2 61 3 0 80 4 4 1 2 3 1 4 0 2 3 3 1 0 1 
2 61 0 0 80 4 4 1 2 3 1 4 0 2 3 3 1 0 1 
2 78 0 0 80 4 4 1 2 3 1 4 0 2 3 3 1 0 1 
2 78 0 0 80 4 4 1 2 3 2 4 0 2 3 3 1 0 1 
2 78 0 0 80 4 4 1 2 3 2 4 0 2 3 3 2 0 1 
2 78 0 0 80 4 4 1 2 3 2 4 1 2 3 3 2 0 1 
2 78 0 0 80 4 4 1 2 3 2 4 1 2 4 3 2 0 1 
2 78 0 0 87 4 4 1 2 3 2 4 1 2 4 3 2 0 1 
2 78 0 0 80 4 4 2 2 3 2 4 0 2 3 3 2 0 1 
0 61 1 6 80 4 4 1 2 3 1 3 2 0 2 3 1 0 1 
0 61 1 6 80 4 4 1 2 3 1 3 2 0 4 3 1 0 1 
0 61 1 6 80 4 4 1 2 3 3 3 2 0 2 3 1 0 1 
0 61 4 6 80 4 4 1 2 3 3 3 2 0 2 3 1 0 1 
2 61 0 0 80 4 4 1 2 3 1 4 0 2 4 3 1 0 1 
0 61 0 6 80 4 4 2 2 3 1 4 2 0 2 3 1 0 1 
2 61 1 6 80 4 4 2 2 1 1 3 1 0 2 3 1 0 1 
2 61 1 6 80 4 4 2 2 1 0 3 1 0 2 3 1 0 1 
0 61 1 6 80 4 0 1 2 3 3 3 2 0 2 3 1 0 1 
0 61 1 0 80 4 0 1 2 3 3 3 2 0 2 3 1 0 1 
0 61 0 6 80 4 4 1 2 3 1 1 1 2 3 3 1 0 1 
0 61 3 6 80 4 4 1 2 3 1 5 0 0 2 3 1 0 1 
0 61 3 0 80 4 4 1 2 3 1 5 0 0 2 3 1 0 1 
0 61 3 0 80 4 4 1 2 1 1 5 0 0 2 3 1 0 1 
0 61 3 0 80 4 4 1 2 1 0 5 0 0 2 3 1 0 1 
0 61 0 0 80 4 4 1 2 1 0 5 0 0 2 3 1 0 1 
0 61 0 0 80 4 4 1 2 1 2 5 0 0 2 3 1 0 1 
3 61 0 0 80 4 4 1 2 1 2 5 0 0 2 3 1 0 1 
0 61 0 0 80 4 4 1 2 1 0 5 1 0 2 3 1 0 1 
0 61 2 0 80 4 4 1 2 1 0 5 1 0 2 3 1 0 1 
0 61 0 0 80 4 4 1 2 1 1 5 1 0 2 3 1 0 1 
0 61 0 0 80 4 4 1 2 2 0 5 1 0 2 3 1 0 1 
0 61 0 0 80 4 4 4 2 2 0 5 1 0 2 3 1 0 1 
0 61 3 6 80 4 4 2 2 3 1 4 0 0 2 3 1 0 1 
0 61 0 6 80 4 4 4 2 3 1 3 2 0 2 0 1 0 1 
0 61 1 6 80 4 4 1 2 3 0 3 1 0 3 3 1 1 1 
0 61 1 0 80 4 4 1 2 3 0 3 1 0 3 3 1 1 1 
0 61 3 0 80 4 4 1 2 3 0 3 1 0 3 3 1 1 1 
0 61 2 6 67 4 4 1 2 2 0 3 1 0 2 3 1 0 1 
1 61 0 6 80 4 4 1 2 3 1 4 0 0 1 3 1 0 1 
0 61 1 6 80 4 4 1 2 3 1 1 1 1 2 3 1 1 1 
0 61 1 6 80 4 4 2 2 3 1 1 1 1 2 3 1 1 1 
0 61 1 0 80 4 4 2 2 3 1 1 1 1 2 3 1 1 1 
0 61 1 0 80 4 4 2 2 3 1 1 1 1 2 3 1 0 1 
3 61 1 0 80 4 4 2 2 3 1 1 1 1 2 3 1 0 1 
0 61 1 6 67 4 4 1 2 3 1 1 1 1 2 3 1 1 1 
0 61 1 6 67 4 4 1 0 3 1 1 1 1 2 3 1 1 1 
0 61 1 6 67 4 4 4 0 3 1 1 1 1 2 3 1 1 1 
0 61 1 6 67 4 0 1 2 3 1 1 1 1 2 3 1 1 1 
1 61 0 6 80 4 4 1 2 3 1 3 0 2 2 3 1 0 1 
0 61 1 6 80 4 4 1 2 1 1 3 2 0 2 3 1 0 1 
0 61 1 0 80 4 4 1 2 1 1 3 2 0 2 3 1 0 1 
0 61 1 0 80 4 4 1 2 1 3 3 2 0 2 3 1 0 1 
2 61 1 6 80 4 4 1 2 1 1 3 2 0 2 3 1 0 1 
2 61 1 6 80 4 4 1 2 1 1 3 2 0 3 3 1 0 1 
2 61 1 6 80 4 4 1 2 2 1 3 2 0 2 3 1 0 1 
2 61 1 6 80 4 0 1 2 2 1 3 2 0 2 3 1 0 1 
2 61 1 0 80 4 4 1 2 1 1 3 2 0 2 3 1 0 1 
3 61 1 0 80 4 4 1 2 1 1 3 2 0 2 3 1 0 1 
3 61 1 6 80 4 4 1 2 1 1 3 2 0 2 3 1 0 1 
2 61 1 6 80 4 0 1 2 2 2 3 2 0 2 3 1 0 1 
2 61 1 6 80 4 0 1 2 4 2 3 2 0 2 3 1 0 1 
1 61 0 6 80 4 4 2 2 3 1 4 0 0 1 3 1 0 1 
1 61 0 8 80 4 4 2 2 3 1 4 0 0 1 3 1 0 1 
1 61 0 8 80 4 4 2 2 4 1 4 0 0 1 3 1 0 1 
1 61 0 8 80 4 4 2 2 3 1 4 0 1 1 3 1 0 1 
1 63 0 8 80 4 4 2 2 3 1 4 0 1 1 3 1 0 1 
1 63 0 8 80 4 4 2 2 3 1 4 0 2 1 3 1 0 1 
1 63 0 9 80 4 4 2 2 3 1 4 0 2 1 3 1 0 1 
1 61 0 10 80 4 4 2 2 4 1 4 0 0 1 3 1 0 1 
1 63 0 8 80 4 4 2 0 3 1 4 0 1 1 3 1 0 1 
1 61 0 8 80 4 0 2 2 3 1 4 0 0 1 3 1 0 1 
1 61 0 8 80 4 0 2 2 3 3 4 0 0 1 3 1 0 1 
1 63 0 8 80 4 4 4 0 3 1 4 0 1 1 3 1 0 1 
1 69 0 8 80 4 4 4 0 3 1 4 0 1 1 3 1 0 1 
1 61 0 0 80 4 4 2 2 4 1 4 0 0 1 3 1 0 1 
1 61 0 0 80 4 4 4 2 4 1 4 0 0 1 3 1 0 1 
1 61 0 0 80 4 4 4 2 4 3 4 0 0 1 3 1 0 1 
1 61 0 0 80 0 4 4 2 4 1 4 0 0 1 3 1 0 1 
1 61 0 0 80 0 4 4 2 4 3 4 0 0 1 3 1 0 1 
1 61 0 1 80 4 4 4 2 4 1 4 0 0 1 3 1 0 1 
1 61 0 1 80 4 4 4 2 1 1 4 0 0 1 3 1 0 1 
1 61 0 6 80 4 4 2 2 1 1 4 0 0 1 3 1 0 1 
0 61 1 6 80 0 4 4 2 3 1 3 2 0 2 3 1 0 1 
2 72 1 6 80 4 4 2 2 1 0 3 1 0 2 3 1 0 1 
2 72 1 6 80 4 4 2 2 1 0 3 1 2 2 3 1 0 1 
0 61 2 6 67 4 4 1 2 2 0 3 1 0 4 3 1 0 1 
0 61 1 0 80 4 4 3 2 3 1 1 2 0 3 3 1 0 1 
0 61 1 0 80 4 4 3 2 3 1 1 2 1 3 3 1 0 1 
0 61 1 0 80 4 4 3 2 3 0 1 2 1 3 3 1 0 1 
0 61 1 0 80 4 4 3 2 3 0 1 2 2 3 3 1 0 1 
0 61 2 0 80 4 4 3 2 3 1 1 2 0 3 3 1 0 1 
0 61 1 0 80 4 4 3 2 1 0 1 2 2 3 3 1 0 1 
0 61 1 0 80 4 4 3 2 1 0 1 2 2 1 3 1 0 1 
1 61 1 0 80 4 4 3 2 3 1 1 2 0 3 3 1 0 1 
1 61 1 0 80 4 4 3 2 3 1 4 2 0 3 3 1 0 1 
1 61 1 0 80 4 4 4 2 3 1 4 2 0 3 3 1 0 1 
1 61 1 0 80 4 4 4 2 3 1 4 2 0 4 3 1 0 1 
1 61 1 0 80 4 4 4 2 3 1 4 2 0 4 3 2 0 1 
1 61 1 0 80 4 4 4 2 1 1 4 2 0 4 3 2 0 1 
1 61 3 0 80 4 4 4 2 1 1 4 2 0 4 3 2 0 1 
2 61 1 0 80 4 4 4 2 1 1 4 2 0 4 3 2 0 1 
0 61 1 0 80 4 4 4 2 3 0 1 2 2 3 3 1 0 1 
1 61 3 0 80 4 4 1 2 1 1 4 2 0 4 3 2 0 1 
1 61 0 0 80 4 4 1 2 1 1 4 2 0 4 3 2 0 1 
1 61 0 0 80 4 4 1 2 2 1 4 2 0 4 3 2 0 1 
0 61 0 0 80 4 4 1 2 2 1 4 2 0 4 3 2 0 1 
0 61 4 0 80 4 4 1 2 2 1 4 2 0 4 3 2 0 1 
1 53 0 0 80 4 4 1 2 2 1 4 2 0 4 3 2 0 1 
1 61 1 0 80 4 4 1 2 2 1 4 2 0 4 3 2 0 1 
1 61 1 0 80 4 4 3 2 3 1 1 2 0 3 3 2 0 1 
1 61 1 0 80 4 4 1 2 1 1 4 2 0 4 3 2 0 1 
1 61 1 6 80 4 4 1 2 1 1 4 2 0 4 3 2 0 1 
1 61 0 6 80 4 4 1 2 1 1 4 2 0 4 3 2 0 1 
1 61 1 0 80 4 4 1 2 3 1 4 2 0 4 3 2 0 1 
1 61 1 0 80 4 4 2 2 3 1 4 2 0 4 3 2 0 1 
1 61 0 0 80 4 4 2 2 3 1 4 2 0 4 3 2 0 1 
1 61 0 0 80 0 4 2 2 3 1 4 2 0 4 3 2 0 1 
1 61 1 0 87 4 4 1 2 1 1 4 2 0 4 3 2 0 1 
1 61 1 0 87 4 4 1 2 1 2 4 2 0 4 3 2 0 1 
1 61 4 0 80 4 4 1 2 1 1 4 2 0 4 3 2 0 1 
0 61 4 0 80 4 4 1 2 1 1 4 2 0 4 3 2 0 1 
0 61 4 0 80 4 4 4 2 1 1 4 2 0 4 3 2 0 1 
0 61 4 0 80 4 4 4 2 1 1 5 2 0 4 3 2 0 1 
0 61 4 0 80 4 4 4 2 1 1 5 2 0 4 0 2 0 1 
0 61 0 0 80 4 4 1 2 1 1 4 2 0 4 3 2 0 1 
2 61 1 6 80 4 0 1 2 1 1 3 2 0 2 3 1 0 1 
0 61 1 6 80 4 4 2 2 3 1 3 1 1 2 3 1 0 1 
0 61 1 6 80 4 4 2 2 3 1 4 1 1 2 3 1 0 1 
1 61 1 6 80 4 4 2 2 3 1 3 1 1 2 3 1 0 1 
1 23 1 6 80 4 4 2 2 3 1 3 1 1 2 3 1 0 1 
1 61 1 6 80 4 4 2 2 3 1 3 1 2 2 3 1 0 1 
1 61 1 6 80 4 4 2 2 3 1 3 1 2 3 3 1 0 1 
1 61 1 6 80 4 4 2 2 3 1 3 1 0 2 3 1 0 1 
1 61 1 6 80 4 0 2 2 3 1 3 1 0 2 3 1 0 1 
0 61 1 6 80 4 4 2 2 4 1 3 1 0 2 3 1 0 1 
1 61 1 6 80 4 0 2 2 3 2 3 1 0 2 3 1 0 1 
0 61 1 6 80 4 0 2 2 3 2 3 1 0 2 3 1 0 1 
0 61 1 0 80 4 4 2 2 3 1 3 1 0 2 3 1 0 1 
0 61 1 0 80 4 4 2 2 3 1 3 1 0 2 3 1 1 1 
2 61 1 6 80 4 0 2 2 3 1 3 1 0 2 3 1 0 1 
0 61 4 6 80 4 4 2 2 4 1 3 1 0 2 3 1 0 1 
0 61 4 6 86 4 4 2 2 4 1 3 1 0 2 3 1 0 1 
0 61 4 0 86 4 4 2 2 4 1 3 1 0 2 3 1 0 1 
0 61 0 0 86 4 4 2 2 4 1 3 1 0 2 3 1 0 1 
0 61 0 10 86 4 4 2 2 4 1 3 1 0 2 3 1 0 1 
1 61 2 6 80 4 0 2 2 3 1 3 1 0 2 3 1 0 1 
1 61 2 6 80 4 0 2 2 4 1 3 1 0 2 3 1 0 1 
1 61 0 6 80 4 0 2 2 4 1 3 1 0 2 3 1 0 1 
1 61 4 6 80 4 0 2 2 4 1 3 1 0 2 3 1 0 1 
2 61 4 6 80 4 0 2 2 4 1 3 1 0 2 3 1 0 1 
2 61 4 6 80 4 0 2 2 4 1 3 1 2 2 3 1 0 1 
2 61 4 6 80 4 0 2 2 1 1 3 1 2 2 3 1 0 1 
1 61 2 6 80 4 0 2 2 1 1 3 1 0 2 3 1 0 1 
0 61 0 6 80 4 4 2 2 4 1 3 1 0 2 3 1 0 1 
0 61 2 0 80 4 4 2 2 3 1 3 1 0 2 3 1 0 1 
0 63 0 10 86 4 4 2 2 4 1 3 1 0 2 3 1 0 1 
0 63 0 10 86 4 4 2 2 4 3 3 1 0 2 3 1 0 1 
0 61 1 1 80 4 4 2 2 3 1 3 1 0 2 3 1 1 1 
0 80 1 1 80 4 4 2 2 3 1 3 1 0 2 3 1 1 1 
0 80 1 1 80 4 4 2 2 3 1 1 1 0 2 3 1 1 1 
0 61 1 1 80 4 4 2 2 1 1 3 1 0 2 3 1 1 1 
0 61 1 1 80 4 4 2 2 2 1 3 1 0 2 3 1 1 1 
0 73 2 0 80 4 4 2 2 3 1 3 1 0 2 3 1 0 1 
0 73 2 0 80 4 4 2 2 3 1 3 1 2 2 3 1 0 1 
0 73 2 0 80 4 4 2 2 3 1 3 1 0 2 3 1 1 1 
0 73 2 0 80 4 4 2 2 3 1 3 1 0 3 3 1 1 1 
0 73 2 5 80 4 4 2 2 3 1 3 1 2 2 3 1 0 1 
1 73 2 0 80 4 4 2 2 3 1 3 1 0 2 3 1 1 1 
0 73 2 0 80 4 4 3 2 3 1 3 1 0 3 3 1 1 1 
1 61 2 6 80 4 0 2 2 3 1 3 1 2 2 3 1 0 1 
1 61 2 6 87 4 0 2 2 3 1 3 1 2 2 3 1 0 1 
0 61 2 6 87 4 0 2 2 3 1 3 1 2 2 3 1 0 1 
1 61 2 6 87 4 0 2 2 3 1 3 1 2 4 3 1 0 1 
1 61 2 6 87 4 1 2 2 3 1 3 1 2 4 3 1 0 1 
1 61 2 6 87 4 1 2 2 3 1 6 1 2 4 3 1 0 1 
1 61 2 0 87 4 1 2 2 3 1 6 1 2 4 3 1 0 1 
1 61 2 0 73 4 1 2 2 3 1 6 1 2 4 3 1 0 1 
1 61 2 10 87 4 1 2 2 3 1 6 1 2 4 3 1 0 1 
1 61 2 10 87 4 1 2 2 3 1 8 1 2 4 3 1 0 1 
0 73 2 0 80 4 4 2 2 3 1 3 1 0 3 3 1 0 1 
2 61 1 6 80 4 4 2 2 4 1 3 1 0 2 3 1 0 1 
2 36 1 6 80 4 4 2 2 4 1 3 1 0 2 3 1 0 1 
2 61 1 6 79 4 4 2 2 4 1 3 1 0 2 3 1 0 1 
1 73 2 0 80 4 4 3 2 3 1 3 1 0 3 3 1 1 1 
2 61 3 0 80 4 4 1 2 1 1 5 0 0 2 3 1 0 1 
0 61 2 0 80 4 4 2 2 3 3 3 1 0 2 3 1 0 1 
0 61 1 6 61 4 0 1 2 3 1 1 1 1 2 3 1 1 1 
1 61 1 6 61 4 0 1 2 3 1 1 1 1 2 3 1 1 1 
1 61 0 0 80 4 4 1 2 2 1 4 2 0 4 3 1 0 1 
1 61 0 0 80 4 4 1 2 2 2 4 2 0 4 3 2 0 1 
1 57 0 0 80 4 4 1 2 2 1 4 2 0 4 3 2 0 1 
1 79 0 0 80 4 4 1 2 2 1 4 2 0 4 3 2 0 1 
1 79 0 0 80 4 4 3 2 2 1 4 2 0 4 3 2 0 1 
1 57 0 0 80 4 4 3 2 2 1 4 2 0 4 3 2 0 1 
1 73 0 0 80 4 4 3 2 2 1 4 2 0 4 3 2 0 1 
1 57 0 0 80 4 4 3 2 2 2 4 2 0 4 3 2 0 1 
1 73 0 0 80 4 4 3 2 2 2 4 2 0 4 3 2 0 1 
3 61 4 6 80 4 0 2 2 4 1 3 1 2 2 3 1 0 1 
3 61 4 6 63 4 0 2 2 4 1 3 1 2 2 3 1 0 1 
3 61 4 6 69 4 0 2 2 4 1 3 1 2 2 3 1 0 1 
0 61 4 6 69 4 0 2 2 4 1 3 1 2 2 3 1 0 1 
0 61 4 6 69 4 0 1 2 4 1 3 1 2 2 3 1 0 1 
0 61 4 6 69 4 0 1 2 4 1 3 1 0 2 3 1 0 1 
0 61 4 6 69 4 0 1 2 4 1 5 1 0 2 3 1 0 1 
2 61 4 6 69 4 0 2 2 4 1 3 1 2 2 3 1 0 1 
2 61 0 6 69 4 0 2 2 4 1 3 1 2 2 3 1 0 1 
2 61 0 7 69 4 0 2 2 4 1 3 1 2 2 3 1 0 1 
2 61 0 7 87 4 0 2 2 4 1 3 1 2 2 3 1 0 1 
2 64 0 7 87 4 0 2 2 4 1 3 1 2 2 3 1 0 1 
2 64 0 7 87 4 0 2 2 4 3 3 1 2 2 3 1 0 1 
2 64 0 7 87 4 0 2 2 4 1 3 1 2 3 3 1 0 1 
1 61 4 6 69 4 0 1 2 4 1 3 1 2 2 3 1 0 1 
1 61 4 6 69 4 0 1 2 4 1 3 1 0 2 3 1 0 1 
1 69 4 6 69 4 0 1 2 4 1 3 1 0 2 3 1 0 1 
1 61 4 6 69 4 2 1 2 4 1 3 1 0 2 3 1 0 1 
1 61 0 6 69 4 0 1 2 4 1 3 1 0 2 3 1 0 1 
1 61 4 6 69 4 0 1 2 4 1 3 1 0 2 3 2 0 1 
1 61 4 6 69 4 0 1 2 4 1 3 2 0 2 3 2 0 1 
1 61 4 6 69 4 0 1 2 4 1 3 2 0 4 3 2 0 1 
1 61 4 6 69 4 0 4 2 4 1 3 2 0 4 3 2 0 1 
1 61 4 6 69 4 0 1 2 4 1 3 2 0 1 3 2 0 1 
1 61 4 6 69 4 0 1 2 4 0 3 2 0 1 3 2 0 1 
3 61 4 6 69 4 0 1 2 4 0 3 2 0 1 3 2 0 1 
1 61 4 6 69 4 0 3 2 4 1 3 1 0 2 3 2 0 1 
1 61 4 6 69 4 0 3 2 4 0 3 1 0 2 3 2 0 1 
3 61 4 6 69 4 0 1 2 1 0 3 2 0 1 3 2 0 1 
3 61 0 6 69 4 0 1 2 1 0 3 2 0 1 3 2 0 1 
3 61 0 6 69 4 0 1 2 1 0 3 0 0 1 3 2 0 1 
3 61 0 6 69 4 0 1 2 1 3 3 0 0 1 3 2 0 1 
3 61 0 6 69 4 0 1 2 1 3 3 0 0 1 3 1 0 1 
3 15 0 6 69 4 0 1 2 1 0 3 0 0 1 3 2 0 1 
3 15 0 6 69 4 0 1 2 1 0 4 0 0 1 3 2 0 1 
3 61 0 6 69 4 0 1 2 1 3 3 0 0 1 3 2 1 1 
3 61 0 6 69 4 0 1 2 1 3 3 2 0 1 3 2 1 1 
1 61 4 6 69 0 0 3 2 4 0 3 1 0 2 3 2 0 1 
1 61 4 6 69 0 0 3 2 4 0 3 1 0 2 3 2 1 1 
1 61 0 6 69 4 0 4 2 4 1 3 2 0 4 3 2 0 1 
1 61 0 6 69 4 0 4 2 4 1 5 2 0 4 3 2 0 1 
1 61 0 6 69 4 0 1 2 4 1 5 2 0 4 3 2 0 1 
1 61 2 6 69 4 0 4 2 4 1 5 2 0 4 3 2 0 1 
1 61 2 6 69 4 0 1 2 4 1 5 2 0 4 3 2 0 1 
1 61 4 6 69 4 0 4 2 4 1 5 2 0 4 3 2 0 1 
1 61 0 6 69 0 0 1 2 4 1 5 2 0 4 3 2 0 1 
1 61 0 6 69 0 0 4 2 4 1 5 2 0 4 3 2 0 1 
1 61 1 6 69 4 0 1 2 4 1 5 2 0 4 3 2 0 1 
1 61 1 8 69 4 0 1 2 4 1 5 2 0 4 3 2 0 1 
1 61 0 6 69 4 0 4 2 4 1 3 2 0 4 3 1 0 1 
1 61 1 6 69 0 0 1 2 4 1 5 2 0 4 3 2 0 1 
1 61 1 6 69 0 0 1 2 4 3 5 2 0 4 3 2 0 1 
1 61 4 6 69 4 2 1 2 4 1 3 1 0 2 3 2 0 1 
1 61 4 6 69 4 2 1 2 4 0 3 1 0 2 3 2 0 1 
1 61 4 6 69 0 2 1 2 4 0 3 1 0 2 3 2 0 1 
1 61 4 6 69 4 2 1 2 4 0 1 1 0 2 3 2 0 1 
1 61 4 6 69 4 3 1 2 4 0 1 1 0 2 3 2 0 1 
1 61 4 6 69 4 2 1 2 4 0 1 1 0 2 3 2 1 1 
1 80 4 6 69 4 2 1 2 4 0 1 1 0 2 3 2 1 1 
1 80 4 6 69 4 2 1 2 4 0 1 1 0 1 3 2 1 1 
1 61 4 6 69 4 2 1 2 4 1 3 1 0 3 3 2 0 1 
1 61 4 6 69 4 2 1 2 4 1 3 1 0 3 3 1 0 1 
0 61 4 6 69 4 2 1 2 4 1 3 1 0 3 3 1 0 1 
0 61 4 6 63 4 2 1 2 4 1 3 1 0 3 3 1 0 1 
3 61 4 6 63 4 2 1 2 4 1 3 1 0 3 3 1 0 1 
3 61 4 6 63 4 2 1 2 4 1 3 1 0 1 3 1 0 1 
3 63 4 6 63 4 2 1 2 4 1 3 1 0 1 3 1 0 1 
3 61 4 6 63 4 2 1 2 4 1 3 1 0 1 0 1 0 1 
1 61 4 6 69 4 0 3 2 4 2 3 1 0 2 3 2 0 1 
1 61 0 6 69 1 0 1 2 4 1 5 2 0 4 3 2 0 1 
1 61 0 6 69 0 1 1 2 4 1 5 2 0 4 3 2 0 1 
1 61 0 6 69 0 1 1 2 4 1 5 0 0 4 3 2 0 1 
1 69 4 6 69 4 0 2 2 4 1 3 1 0 2 3 1 0 1 
1 61 0 0 69 1 0 1 2 4 1 5 2 0 4 3 2 0 1 
1 61 0 0 69 1 0 1 2 4 0 5 2 0 4 3 2 0 1 
1 61 4 6 69 4 0 4 2 4 0 3 1 0 2 3 2 0 1 
1 61 4 6 69 4 0 4 2 4 0 3 1 2 2 3 2 0 1 
1 80 4 6 69 4 0 4 2 4 0 3 1 2 2 3 2 0 1 
1 1 4 6 69 4 0 4 2 4 0 3 1 2 2 3 2 0 1 
1 80 4 6 137 4 0 4 2 4 0 3 1 2 2 3 2 0 1 
1 61 0 6 69 4 0 1 2 4 1 5 0 0 4 3 2 0 1 
2 61 0 0 69 1 0 1 2 4 0 5 2 0 4 3 2 0 1 
