0 30 1 2 35 1 2 1 2 4 1 6 2 1 2 3 1 0 0 
0 30 3 2 35 1 2 1 2 4 1 6 2 1 2 3 1 0 0 
2 30 1 2 35 1 2 1 2 4 1 6 2 1 2 3 1 0 0 
2 30 1 2 35 1 2 1 2 4 1 1 2 1 2 3 1 0 0 
2 30 1 2 35 1 2 1 0 4 1 6 2 1 2 3 1 0 0 
2 30 1 2 35 1 2 1 2 4 1 3 2 1 2 3 1 0 0 
2 30 0 2 35 1 2 1 2 4 1 3 2 1 2 3 1 0 0 
2 30 0 2 35 1 2 1 2 4 1 3 0 1 2 3 1 0 0 
2 30 0 2 35 1 2 1 2 4 1 3 0 2 2 3 1 0 0 
2 30 3 2 35 1 2 1 2 4 1 3 2 1 2 3 1 0 0 
2 30 0 2 35 1 2 1 0 4 1 3 0 2 2 3 1 0 0 
2 30 0 2 35 1 2 4 0 4 1 3 0 2 2 3 1 0 0 
2 30 0 2 35 0 2 1 2 4 1 3 0 2 2 3 1 0 0 
2 30 0 2 35 0 2 1 2 4 1 4 0 2 2 3 1 0 0 
2 30 0 2 35 0 4 1 2 4 1 4 0 2 2 3 1 0 0 
2 30 0 2 35 2 2 1 2 4 1 3 0 2 2 3 1 0 0 
2 30 0 2 35 2 2 1 2 1 1 3 0 2 2 3 1 0 0 
2 30 0 2 35 2 2 1 2 1 1 3 2 2 2 3 1 0 0 
2 30 0 2 35 2 2 1 2 1 1 3 2 2 3 3 1 0 0 
2 30 0 2 35 2 2 1 2 1 1 3 2 2 2 3 2 0 0 
3 30 0 2 35 2 2 1 2 1 1 3 2 2 2 3 2 0 0 
2 30 0 2 35 2 2 4 2 1 1 3 2 2 2 3 2 0 0 
2 30 0 2 35 2 2 3 2 1 1 3 2 2 2 3 2 0 0 
2 30 0 2 35 3 2 3 2 1 1 3 2 2 2 3 2 0 0 
2 30 4 2 35 3 2 3 2 1 1 3 2 2 2 3 2 0 0 
2 30 4 2 35 3 2 1 2 1 1 3 2 2 2 3 2 0 0 
3 30 0 2 35 2 3 1 2 1 1 3 2 2 2 3 2 0 0 
2 30 0 2 35 2 2 1 2 1 1 3 2 2 3 3 2 0 0 
2 30 0 2 35 2 2 1 2 1 3 3 2 2 3 3 2 0 0 
2 30 0 2 35 2 2 2 2 4 1 3 0 2 2 3 1 0 0 
2 30 0 2 35 3 2 3 2 1 1 1 2 2 2 3 2 0 0 
3 30 0 2 35 2 2 1 2 1 1 5 2 2 2 3 2 0 0 
3 30 0 2 69 2 2 1 2 1 1 5 2 2 2 3 2 0 0 
3 30 3 2 35 2 2 1 2 1 1 5 2 2 2 3 2 0 0 
0 30 3 2 35 2 2 1 2 1 1 5 2 2 2 3 2 0 0 
0 30 0 2 35 2 2 1 2 1 1 5 2 2 2 3 2 0 0 
0 30 0 2 197 2 2 1 2 1 1 5 2 2 2 3 2 0 0 
2 30 0 2 35 2 2 1 2 4 1 4 0 2 2 3 1 0 0 
2 30 0 2 35 2 2 1 2 4 1 8 0 2 2 3 1 0 0 
2 30 0 2 35 2 2 4 2 4 1 8 0 2 2 3 1 0 0 
2 30 0 2 35 2 2 1 2 4 1 4 0 0 2 3 1 0 0 
2 30 0 2 35 2 0 1 2 4 1 4 0 0 2 3 1 0 0 
2 30 0 2 35 2 1 1 2 4 1 4 0 0 2 3 1 0 0 
2 30 0 2 35 2 1 1 2 4 1 4 0 1 2 3 1 0 0 
2 30 0 2 35 2 2 1 2 4 1 4 0 1 2 3 1 0 0 
2 30 0 2 35 2 3 1 2 4 1 4 0 0 2 3 1 0 0 
2 30 0 2 35 2 3 1 2 4 1 4 0 1 2 3 1 0 0 
2 30 0 2 35 2 3 1 0 4 1 4 0 1 2 3 1 0 0 
2 30 0 2 35 2 3 2 0 4 1 4 0 1 2 3 1 0 0 
2 30 0 2 35 2 4 2 0 4 1 4 0 1 2 3 1 0 0 
0 30 3 2 35 1 2 1 0 4 1 6 2 1 2 3 1 0 0 
0 30 3 2 35 1 2 1 0 4 3 6 2 1 2 3 1 0 0 
0 30 3 2 35 0 2 1 0 4 3 6 2 1 2 3 1 0 0 
0 30 3 2 35 0 2 1 0 4 3 6 2 1 1 3 1 0 0 
0 30 3 2 35 1 2 1 0 4 3 1 2 1 2 3 1 0 0 
0 30 3 2 35 1 2 1 0 4 1 6 2 1 3 3 1 0 0 
0 30 3 2 57 0 2 1 0 4 3 6 2 1 1 3 1 0 0 
0 30 3 2 57 0 0 1 0 4 3 6 2 1 1 3 1 0 0 
0 42 3 2 57 0 0 1 0 4 3 6 2 1 1 3 1 0 0 
0 30 3 2 39 0 0 1 0 4 3 6 2 1 1 3 1 0 0 
0 30 3 2 39 0 0 1 0 4 3 1 2 1 1 3 1 0 0 
0 30 3 2 39 0 0 1 0 4 3 2 2 1 1 3 1 0 0 
2 30 1 2 35 1 2 1 2 4 1 3 0 1 2 3 1 0 0 
0 30 3 2 35 2 2 2 2 1 1 5 2 2 2 3 2 0 0 
0 30 3 2 35 2 0 2 2 1 1 5 2 2 2 3 2 0 0 
2 30 1 2 35 2 2 1 2 4 1 3 2 1 2 3 1 0 0 
2 30 1 2 35 2 2 1 2 4 1 3 2 1 3 3 1 0 0 
2 30 1 2 35 2 2 1 2 1 1 3 2 1 2 3 1 0 0 
2 30 1 2 35 2 2 1 2 3 1 3 2 1 2 3 1 0 0 
2 30 1 2 35 2 2 1 2 3 1 5 2 1 2 3 1 0 0 
2 30 1 2 35 2 2 1 2 3 1 1 2 1 2 3 1 0 0 
2 30 1 2 35 2 2 1 2 3 2 5 2 1 2 3 1 0 0 
0 30 1 2 35 2 2 1 2 3 2 5 2 1 2 3 1 0 0 
0 30 2 2 35 2 2 1 2 3 2 5 2 1 2 3 1 0 0 
0 30 1 2 35 2 2 1 2 3 0 5 2 1 2 3 1 0 0 
0 30 1 2 35 2 2 1 2 3 0 5 2 1 3 3 1 0 0 
0 30 1 2 35 2 0 1 2 3 2 5 2 1 2 3 1 0 0 
0 30 1 2 17 2 0 1 2 3 2 5 2 1 2 3 1 0 0 
1 30 2 2 35 2 2 1 2 3 2 5 2 1 2 3 1 0 0 
1 30 2 2 35 2 3 1 2 3 2 5 2 1 2 3 1 0 0 
1 30 2 2 35 2 3 1 2 3 2 5 2 0 2 3 1 0 0 
1 48 2 2 35 2 2 1 2 3 2 5 2 1 2 3 1 0 0 
1 48 2 2 35 2 3 1 2 3 2 5 2 1 2 3 1 0 0 
1 30 0 2 35 2 3 1 2 3 2 5 2 0 2 3 1 0 0 
1 30 0 2 35 2 3 2 2 3 2 5 2 0 2 3 1 0 0 
1 30 0 2 35 2 0 2 2 3 2 5 2 0 2 3 1 0 0 
1 30 0 2 35 2 2 2 2 3 2 5 2 0 2 3 1 0 0 
2 30 0 2 35 3 2 3 2 1 1 3 2 2 3 3 2 0 0 
2 30 0 2 35 2 2 1 2 4 2 4 0 1 2 3 1 0 0 
2 30 0 2 35 2 3 1 2 4 2 4 0 1 2 3 1 0 0 
2 41 0 2 35 2 1 1 2 4 1 4 0 1 2 3 1 0 0 
0 30 3 2 35 2 0 2 2 2 1 5 2 2 2 3 2 0 0 
2 30 1 2 35 2 2 1 2 1 1 3 0 2 2 3 1 0 0 
2 30 1 2 35 2 2 1 2 1 1 3 0 2 3 3 1 0 0 
2 30 1 2 35 4 2 1 2 1 1 3 0 2 3 3 1 0 0 
0 30 1 2 35 4 2 1 2 1 1 3 0 2 3 3 1 0 0 
0 30 1 2 35 4 2 1 2 3 1 3 0 2 3 3 1 0 0 
0 30 0 2 185 2 2 1 2 1 1 5 2 2 2 3 2 0 0 
0 30 0 2 185 2 2 1 2 1 1 5 2 2 2 0 2 0 0 
0 30 0 2 185 2 2 1 2 1 1 5 0 2 2 0 2 0 0 
0 30 0 2 181 2 2 1 2 1 1 5 0 2 2 0 2 0 0 
0 31 0 5 49 0 4 2 1 1 2 2 2 0 1 0 2 0 0 
0 31 0 5 49 0 4 2 1 1 2 1 2 0 1 0 2 0 0 
0 31 2 5 49 0 4 2 1 1 2 1 2 0 1 0 2 0 0 
0 31 0 5 49 0 4 2 1 1 0 2 2 0 1 0 2 0 0 
0 31 0 5 49 0 4 2 1 1 0 2 2 1 1 0 2 0 0 
0 31 0 5 49 0 4 2 1 1 0 2 2 1 1 2 2 0 0 
0 31 2 5 49 0 4 2 1 1 0 2 2 1 1 2 2 0 0 
0 31 2 5 49 0 0 2 1 1 0 2 2 1 1 2 2 0 0 
0 31 2 5 49 0 0 2 1 3 0 2 2 1 1 2 2 0 0 
1 31 2 5 49 0 0 2 1 3 0 2 2 1 1 2 2 0 0 
0 31 3 5 49 0 0 2 1 3 0 2 2 1 1 2 2 0 0 
0 31 3 5 49 0 0 4 1 3 0 2 2 1 1 2 2 0 0 
0 31 3 5 49 0 0 4 1 3 0 2 0 1 1 2 2 0 0 
1 31 2 5 200 0 0 2 1 3 0 2 2 1 1 2 2 0 0 
1 31 3 5 49 0 0 2 1 3 0 2 2 1 1 2 2 0 0 
1 31 3 5 49 0 0 2 1 1 0 2 2 1 1 2 2 0 0 
1 32 3 5 49 0 0 2 1 1 0 2 2 1 1 2 2 0 0 
0 33 1 1 60 4 2 1 2 4 2 7 1 2 2 3 2 0 1 
0 33 0 1 60 4 2 1 2 4 2 7 1 2 2 3 2 0 1 
1 33 1 1 60 4 2 1 2 4 2 7 1 2 2 3 2 0 1 
1 33 1 1 60 4 2 1 2 4 2 7 1 2 2 3 1 0 1 
1 33 1 1 60 4 2 1 2 4 2 7 0 2 2 3 1 0 1 
1 33 1 1 60 4 2 1 2 4 2 7 1 2 3 3 2 0 1 
0 33 0 1 60 4 2 1 2 4 2 7 0 2 2 3 2 0 1 
0 33 0 1 60 4 2 1 2 4 2 7 0 2 2 0 2 0 1 
0 33 0 6 60 4 2 1 2 4 2 7 0 2 2 0 2 0 1 
0 33 0 1 60 4 2 1 2 4 2 7 0 2 2 2 2 0 1 
1 33 0 1 60 4 2 1 2 4 2 7 0 2 2 2 2 0 1 
0 33 0 1 65 4 2 1 2 4 2 7 1 2 2 3 2 0 1 
0 33 0 1 65 4 2 1 2 4 2 7 2 2 2 3 2 0 1 
0 33 0 1 65 4 0 1 2 4 2 7 2 2 2 3 2 0 1 
0 33 0 1 65 4 2 1 2 1 2 7 1 2 2 3 2 0 1 
0 33 0 1 65 4 0 1 2 4 2 7 2 2 2 3 1 0 1 
0 33 0 1 60 4 2 3 2 4 2 7 0 2 2 3 2 0 1 
0 33 0 1 65 4 1 1 2 4 2 7 2 2 2 3 2 0 1 
1 33 1 1 60 0 2 1 2 4 2 7 1 2 2 3 1 0 1 
1 33 1 1 60 0 2 1 2 4 2 7 0 2 2 3 1 0 1 
1 33 1 1 60 0 2 1 2 4 2 7 0 2 2 3 2 0 1 
1 33 1 1 60 0 2 1 2 4 2 7 1 2 2 0 1 0 1 
1 33 2 1 60 0 2 1 2 4 2 7 1 2 2 0 1 0 1 
3 33 0 1 65 4 2 1 2 1 2 7 1 2 2 3 2 0 1 
3 33 0 1 65 4 2 1 2 1 2 7 1 2 3 3 2 0 1 
3 33 0 1 65 4 3 1 2 1 2 7 1 2 3 3 2 0 1 
0 33 0 1 65 4 2 1 2 3 2 7 1 2 2 3 2 0 1 
0 33 0 1 69 4 2 1 2 3 2 7 1 2 2 3 2 0 1 
0 33 0 1 69 0 2 1 2 3 2 7 1 2 2 3 2 0 1 
0 33 0 1 69 0 2 1 2 3 2 7 1 2 2 0 2 0 1 
0 33 1 1 60 4 2 1 2 4 2 7 1 2 2 0 2 0 1 
0 33 1 1 60 4 2 1 2 4 2 7 1 2 2 1 2 0 1 
0 33 1 1 60 0 2 1 2 4 2 7 1 2 2 1 2 0 1 
1 33 1 1 60 4 2 1 2 4 2 7 1 2 2 1 2 0 1 
1 33 1 1 60 4 2 1 2 4 2 7 1 2 3 1 2 0 1 
1 33 1 1 60 4 0 1 2 4 2 7 1 2 3 1 2 0 1 
1 33 1 2 60 4 0 1 2 4 2 7 1 2 3 1 2 0 1 
2 33 1 2 60 4 0 1 2 4 2 7 1 2 3 1 2 0 1 
1 33 1 1 60 4 1 1 2 4 2 7 1 2 3 1 2 0 1 
2 33 1 1 60 0 2 1 2 4 2 7 1 2 2 1 2 0 1 
0 33 1 2 60 4 0 1 2 4 2 7 1 2 3 1 2 0 1 
0 33 1 2 60 4 0 1 2 4 2 8 1 2 3 1 2 0 1 
0 33 1 2 13 4 0 1 2 4 2 8 1 2 3 1 2 0 1 
0 33 1 2 197 4 0 1 2 4 2 7 1 2 3 1 2 0 1 
0 33 1 2 197 4 0 1 2 4 2 7 1 2 3 3 2 0 1 
2 33 2 1 60 0 2 1 2 4 2 7 1 2 2 1 2 0 1 
2 33 2 1 60 0 2 1 0 4 2 7 1 2 2 1 2 0 1 
1 33 1 1 60 4 2 1 2 1 2 7 1 2 3 3 2 0 1 
1 33 0 1 60 4 2 1 2 1 2 7 1 2 3 3 2 0 1 
1 33 1 1 73 4 2 1 2 1 2 7 1 2 3 3 2 0 1 
1 33 1 1 60 4 2 1 0 1 2 7 1 2 3 3 2 0 1 
2 33 0 1 60 4 2 1 2 1 2 7 1 2 3 3 2 0 1 
0 33 0 1 60 4 2 2 2 4 2 7 0 2 2 2 2 0 1 
1 33 1 2 60 0 2 1 2 4 2 7 1 2 2 3 1 0 1 
1 33 1 2 60 0 2 1 2 4 2 7 1 2 2 0 1 0 1 
1 33 1 1 73 4 2 2 2 1 2 7 1 2 3 3 2 0 1 
1 33 1 1 73 0 2 2 2 1 2 7 1 2 3 3 2 0 1 
1 33 2 1 60 0 2 2 2 4 2 7 1 2 2 0 1 0 1 
1 33 1 2 60 4 1 1 2 4 2 7 1 2 3 1 2 0 1 
1 33 1 2 60 4 2 1 2 4 2 7 1 2 2 1 2 0 1 
1 33 1 2 60 4 2 1 0 4 2 7 1 2 2 1 2 0 1 
0 33 1 1 69 0 2 1 2 3 2 7 1 2 2 0 2 0 1 
0 33 1 1 69 0 2 1 2 3 2 7 1 2 2 1 2 0 1 
0 33 1 1 69 2 2 1 2 3 2 7 1 2 2 1 2 0 1 
0 33 1 1 69 2 2 2 2 3 2 7 1 2 2 1 2 0 1 
0 33 1 1 72 2 2 2 2 3 2 7 1 2 2 1 2 0 1 
0 33 1 1 72 0 2 2 2 3 2 7 1 2 2 1 2 0 1 
0 33 1 2 72 0 2 2 2 3 2 7 1 2 2 1 2 0 1 
0 33 1 2 72 0 2 2 2 3 2 7 2 2 2 1 2 0 1 
1 33 1 2 72 0 2 2 2 3 2 7 2 2 2 1 2 0 1 
1 33 1 2 72 0 2 2 2 3 2 7 0 2 2 1 2 0 1 
0 33 1 2 72 1 2 2 2 3 2 7 2 2 2 1 2 0 1 
0 33 1 0 72 1 2 2 2 3 2 7 2 2 2 1 2 0 1 
0 33 0 2 72 1 2 2 2 3 2 7 2 2 2 1 2 0 1 
0 33 1 1 69 1 2 1 2 3 2 7 1 2 2 0 2 0 1 
0 33 1 1 69 1 2 1 2 3 3 7 1 2 2 0 2 0 1 
0 33 1 1 69 1 2 1 0 3 3 7 1 2 2 0 2 0 1 
0 33 1 7 69 1 2 1 0 3 3 7 1 2 2 0 2 0 1 
0 33 1 0 69 1 2 1 2 3 2 7 1 2 2 0 2 0 1 
0 33 1 1 69 0 2 1 2 3 2 7 2 2 2 0 2 0 1 
0 33 1 1 200 1 2 1 0 3 3 7 1 2 2 0 2 0 1 
0 33 1 7 69 1 2 1 1 3 3 7 1 2 2 0 2 0 1 
0 33 1 7 63 1 2 1 1 3 3 7 1 2 2 0 2 0 1 
0 33 1 7 63 4 2 1 1 3 3 7 1 2 2 0 2 0 1 
0 33 1 7 63 4 2 1 1 4 3 7 1 2 2 0 2 0 1 
2 33 1 7 69 1 2 1 1 3 3 7 1 2 2 0 2 0 1 
3 33 1 7 69 1 2 1 1 3 3 7 1 2 2 0 2 0 1 
3 33 1 7 1 1 2 1 1 3 3 7 1 2 2 0 2 0 1 
3 33 1 7 69 1 2 1 1 3 3 7 1 2 2 1 2 0 1 
3 33 1 7 69 3 2 1 1 3 3 7 1 2 2 1 2 0 1 
3 33 1 7 9 3 2 1 1 3 3 7 1 2 2 1 2 0 1 
3 33 1 7 9 3 2 1 1 3 3 7 1 2 1 1 2 0 1 
3 33 1 7 69 1 3 1 1 3 3 7 1 2 2 1 2 0 1 
3 33 1 7 69 1 3 1 1 3 3 7 1 2 3 1 2 0 1 
3 33 1 7 69 3 2 1 1 3 3 7 1 2 3 1 2 0 1 
3 33 1 7 49 3 2 1 1 3 3 7 1 2 1 1 2 0 1 
3 33 1 7 9 3 2 1 1 3 3 7 1 0 2 1 2 0 1 
3 33 1 7 9 3 2 1 0 3 3 7 1 0 2 1 2 0 1 
3 33 1 7 9 3 2 1 1 3 3 7 1 0 3 1 2 0 1 
3 33 4 7 9 3 2 1 1 3 3 7 1 0 3 1 2 0 1 
3 33 4 7 9 3 0 1 1 3 3 7 1 0 3 1 2 0 1 
3 33 4 7 9 0 0 1 1 3 3 7 1 0 3 1 2 0 1 
3 33 4 7 9 3 2 1 1 1 3 7 1 0 3 1 2 0 1 
3 33 1 7 9 3 2 1 1 3 3 7 1 0 1 1 2 0 1 
3 33 1 7 9 3 3 1 1 3 3 7 1 0 3 1 2 0 1 
3 33 1 7 9 3 3 1 1 4 3 7 1 0 3 1 2 0 1 
3 33 1 7 9 3 3 1 1 4 3 7 1 0 3 3 2 0 1 
0 33 1 7 9 3 3 1 1 4 3 7 1 0 3 3 2 0 1 
0 33 1 7 9 3 3 1 1 4 3 7 1 1 3 3 2 0 1 
0 33 1 7 9 3 3 1 1 4 3 7 2 1 3 3 2 0 1 
0 33 0 7 9 3 3 1 1 4 3 7 2 1 3 3 2 0 1 
0 33 0 7 9 3 3 1 1 4 3 7 2 2 3 3 2 0 1 
2 33 0 7 9 3 3 1 1 4 3 7 2 1 3 3 2 0 1 
2 33 0 7 9 3 3 1 1 4 3 5 2 1 3 3 2 0 1 
0 33 1 7 9 3 2 1 1 3 3 7 1 2 2 1 2 0 1 
0 33 1 7 199 3 2 1 1 3 3 7 1 2 2 1 2 0 1 
3 33 4 7 9 3 2 1 1 2 3 7 1 0 3 1 2 0 1 
3 33 4 7 9 3 2 1 1 2 3 7 1 0 1 1 2 0 1 
0 33 1 7 9 3 2 1 1 3 3 7 1 2 2 1 1 0 1 
0 33 1 7 9 3 2 1 1 3 3 7 1 0 3 1 2 0 1 
0 33 1 6 9 3 2 1 1 3 3 7 1 0 3 1 2 0 1 
0 33 1 8 9 3 2 1 1 3 3 7 1 0 3 1 2 0 1 
3 33 1 8 9 3 2 1 1 3 3 7 1 0 3 1 2 0 1 
3 33 1 8 9 4 2 1 1 3 3 7 1 0 3 1 2 0 1 
1 33 1 7 63 1 2 1 1 3 3 7 1 2 2 0 2 0 1 
0 33 1 1 69 0 2 2 2 3 2 7 1 2 2 0 2 0 1 
0 33 1 1 69 0 2 2 2 4 2 7 1 2 2 0 2 0 1 
3 33 1 7 69 2 3 1 1 3 3 7 1 2 2 1 2 0 1 
3 33 1 7 69 2 3 1 1 3 3 7 0 2 2 1 2 0 1 
3 48 1 7 69 2 3 1 1 3 3 7 1 2 2 1 2 0 1 
3 48 1 7 69 2 3 1 0 3 3 7 1 2 2 1 2 0 1 
3 48 1 7 69 2 3 1 1 3 3 7 0 2 2 1 2 0 1 
3 65 1 7 69 2 3 1 1 3 3 7 1 2 2 1 2 0 1 
3 65 1 7 69 2 3 1 1 3 3 7 1 2 1 1 2 0 1 
0 65 1 7 69 2 3 1 1 3 3 7 1 2 1 1 2 0 1 
0 65 0 7 69 2 3 1 1 3 3 7 1 2 1 1 2 0 1 
3 48 1 7 69 2 3 2 1 3 3 7 0 2 2 1 2 0 1 
3 55 1 7 69 2 3 1 1 3 3 7 0 2 2 1 2 0 1 
3 25 1 7 69 2 3 1 1 3 3 7 0 2 2 1 2 0 1 
3 25 1 7 69 2 3 1 1 3 3 7 0 2 2 0 2 0 1 
0 33 1 7 63 4 2 1 1 3 3 7 1 2 2 0 1 0 1 
0 33 1 7 63 4 4 1 1 3 3 7 1 2 2 0 1 0 1 
0 33 1 7 63 0 4 1 1 3 3 7 1 2 2 0 1 0 1 
3 33 1 6 69 3 2 1 1 3 3 7 1 2 3 1 2 0 1 
3 43 1 6 69 3 2 1 1 3 3 7 1 2 3 1 2 0 1 
3 43 1 0 69 3 2 1 1 3 3 7 1 2 3 1 2 0 1 
3 43 1 0 69 3 2 1 2 3 3 7 1 2 3 1 2 0 1 
3 43 1 0 69 3 2 1 2 3 3 7 1 2 4 1 2 0 1 
3 45 1 0 69 3 2 1 2 3 3 7 1 2 4 1 2 0 1 
3 45 1 6 69 3 2 1 2 3 3 7 1 2 4 1 2 0 1 
3 33 1 8 9 3 2 2 1 3 3 7 1 0 3 1 2 0 1 
3 33 1 8 9 3 2 2 1 3 3 7 1 0 3 1 1 0 1 
3 33 1 8 9 3 2 2 1 3 3 7 1 0 3 2 2 0 1 
0 33 1 8 9 3 2 2 1 3 3 7 1 0 3 2 2 0 1 
0 33 1 8 9 3 2 1 1 3 3 7 1 0 3 2 2 0 1 
0 33 1 9 9 3 2 2 1 3 3 7 1 0 3 2 2 0 1 
0 33 1 9 9 3 2 2 1 1 3 7 1 0 3 2 2 0 1 
0 33 1 9 9 3 2 2 1 1 3 7 1 2 3 2 2 0 1 
0 33 1 8 9 3 2 2 1 4 3 7 1 0 3 2 2 0 1 
0 33 1 7 63 1 2 1 1 3 3 7 1 2 2 0 1 0 1 
0 80 1 7 63 1 2 1 1 3 3 7 1 2 2 0 1 0 1 
3 33 4 7 9 3 2 2 1 3 3 7 1 0 3 1 2 0 1 
3 33 4 7 9 3 2 2 1 3 3 7 1 0 4 1 2 0 1 
3 33 4 7 9 3 2 2 1 3 3 7 1 0 1 1 2 0 1 
0 33 1 1 179 1 2 1 0 3 3 7 1 2 2 0 2 0 1 
0 33 1 1 179 1 2 1 0 4 3 7 1 2 2 0 2 0 1 
0 33 1 1 191 1 2 1 0 4 3 7 1 2 2 0 2 0 1 
0 33 1 10 179 1 2 1 0 4 3 7 1 2 2 0 2 0 1 
0 31 1 10 179 1 2 1 0 4 3 7 1 2 2 0 2 0 1 
0 33 1 1 69 0 2 2 2 4 2 7 1 2 2 1 2 0 1 
0 33 1 1 69 1 2 2 2 4 2 7 1 2 2 1 2 0 1 
0 33 1 1 1 1 2 2 2 4 2 7 1 2 2 1 2 0 1 
0 33 1 1 1 1 2 2 2 4 2 7 1 2 2 1 1 0 1 
0 33 1 1 1 3 2 2 2 4 2 7 1 2 2 1 1 0 1 
3 25 1 7 3 2 3 1 1 3 3 7 0 2 2 1 2 0 1 
3 25 1 7 3 2 3 1 1 3 3 7 0 2 2 3 2 0 1 
3 31 1 7 3 2 3 1 1 3 3 7 0 2 2 1 2 0 1 
0 33 1 7 73 3 2 1 1 3 3 7 1 2 2 1 1 0 1 
0 33 1 7 73 3 2 1 1 3 3 7 1 2 2 1 2 0 1 
0 33 1 7 73 3 2 2 1 3 3 7 1 2 2 1 1 0 1 
0 33 1 7 6 3 2 2 1 3 3 7 1 2 2 1 1 0 1 
0 33 1 7 6 3 2 2 1 3 3 7 1 2 2 3 1 0 1 
0 33 1 7 6 3 2 1 1 3 3 7 1 2 2 3 1 0 1 
0 33 1 7 6 3 2 1 1 3 3 7 1 2 3 3 1 0 1 
0 33 1 7 57 3 2 2 1 3 3 7 1 2 2 1 1 0 1 
0 33 1 7 73 0 2 2 1 3 3 7 1 2 2 1 1 0 1 
0 80 1 7 57 3 2 2 1 3 3 7 1 2 2 1 1 0 1 
0 80 1 7 57 3 2 2 1 3 3 7 1 2 2 2 1 0 1 
0 80 1 7 57 3 2 2 1 3 3 7 2 2 2 2 1 0 1 
0 33 1 7 73 3 2 2 1 3 3 7 1 2 3 1 1 0 1 
0 33 1 7 73 3 2 2 2 3 3 7 1 2 3 1 1 0 1 
0 33 1 7 73 3 2 2 1 3 0 7 1 2 3 1 1 0 1 
0 33 1 7 73 3 3 2 1 3 0 7 1 2 3 1 1 0 1 
0 33 1 6 73 3 3 2 1 3 0 7 1 2 3 1 1 0 1 
1 33 1 7 73 3 3 2 1 3 0 7 1 2 3 1 1 0 1 
2 33 1 7 57 3 2 2 1 3 3 7 1 2 2 1 1 0 1 
2 33 1 7 57 3 2 1 1 3 3 7 1 2 2 1 1 0 1 
2 33 1 7 57 3 2 1 1 3 3 7 1 2 3 1 1 0 1 
2 33 1 7 57 3 2 3 1 3 3 7 1 2 2 1 1 0 1 
2 33 1 7 57 3 2 3 1 3 3 7 1 2 3 1 1 0 1 
2 33 1 7 1 3 2 3 1 3 3 7 1 2 3 1 1 0 1 
2 33 1 7 57 3 2 3 1 3 3 7 0 2 3 1 1 0 1 
2 33 1 7 57 3 4 3 1 3 3 7 1 2 3 1 1 0 1 
2 33 1 7 57 3 4 3 1 3 3 7 1 2 1 1 1 0 1 
2 77 1 7 57 3 4 3 1 3 3 7 1 2 3 1 1 0 1 
2 33 1 7 65 3 4 3 1 3 3 7 1 2 3 1 1 0 1 
2 79 1 7 57 3 2 1 1 3 3 7 1 2 3 1 1 0 1 
2 79 1 7 57 0 2 1 1 3 3 7 1 2 3 1 1 0 1 
2 33 1 7 57 3 2 3 1 3 0 7 1 2 2 1 1 0 1 
2 33 1 7 57 3 2 3 1 3 0 7 2 2 2 1 1 0 1 
2 33 3 7 57 3 2 3 1 3 0 7 2 2 2 1 1 0 1 
2 33 0 7 57 3 2 3 1 3 0 7 2 2 2 1 1 0 1 
2 33 1 7 57 3 2 3 0 3 0 7 1 2 2 1 1 0 1 
2 33 3 7 57 3 2 3 0 3 0 7 1 2 2 1 1 0 1 
2 33 1 7 57 3 2 1 0 3 0 7 1 2 2 1 1 0 1 
2 33 3 7 57 3 2 3 1 3 0 7 0 2 2 1 1 0 1 
2 33 3 7 57 3 2 3 1 1 0 7 0 2 2 1 1 0 1 
2 33 3 7 57 3 3 3 1 1 0 7 0 2 2 1 1 0 1 
2 33 3 7 57 3 3 3 1 1 0 7 1 2 2 1 1 0 1 
2 33 0 7 57 3 3 3 1 1 0 7 0 2 2 1 1 0 1 
2 65 0 7 57 3 3 3 1 1 0 7 0 2 2 1 1 0 1 
2 33 3 7 57 3 3 3 1 1 1 7 0 2 2 1 1 0 1 
2 33 3 7 57 3 3 3 1 1 1 7 0 2 1 1 1 0 1 
3 33 3 7 57 3 3 3 1 1 1 7 0 2 2 1 1 0 1 
2 33 3 7 57 4 3 3 1 1 1 7 0 2 1 1 1 0 1 
2 45 3 7 57 3 3 3 1 1 0 7 1 2 2 1 1 0 1 
2 33 1 7 57 3 3 3 1 1 0 7 0 2 2 1 1 0 1 
2 33 1 7 57 3 3 3 1 1 0 7 0 2 2 2 1 0 1 
2 33 1 7 57 3 3 4 1 1 0 7 0 2 2 2 1 0 1 
2 33 1 7 57 3 4 4 1 1 0 7 0 2 2 2 1 0 1 
2 33 1 0 57 3 4 4 1 1 0 7 0 2 2 2 1 0 1 
2 33 2 7 57 3 4 4 1 1 0 7 0 2 2 2 1 0 1 
2 33 2 7 61 3 4 4 1 1 0 7 0 2 2 2 1 0 1 
2 33 2 7 197 3 4 4 1 1 0 7 0 2 2 2 1 0 1 
2 33 1 7 57 3 4 4 1 1 1 7 0 2 2 2 1 0 1 
2 33 4 7 57 3 4 4 1 1 1 7 0 2 2 2 1 0 1 
2 33 0 7 57 3 3 3 1 1 0 7 1 2 2 1 1 0 1 
2 33 0 7 2 3 3 3 1 1 0 7 1 2 2 1 1 0 1 
2 33 3 7 57 3 3 3 1 3 0 7 0 2 2 1 1 0 1 
3 33 3 7 57 3 3 3 1 2 1 7 0 2 2 1 1 0 1 
3 33 3 7 57 3 3 3 1 2 1 7 2 2 2 1 1 0 1 
3 33 3 7 57 3 0 3 1 2 1 7 0 2 2 1 1 0 1 
3 33 3 7 1 3 0 3 1 2 1 7 0 2 2 1 1 0 1 
3 33 3 7 1 3 0 3 1 2 1 7 0 2 2 0 1 0 1 
2 33 3 7 200 3 3 3 1 1 0 7 1 2 2 1 1 0 1 
2 33 4 7 200 3 3 3 1 1 0 7 1 2 2 1 1 0 1 
2 33 4 7 131 3 3 3 1 1 0 7 1 2 2 1 1 0 1 
2 33 4 10 131 3 3 3 1 1 0 7 1 2 2 1 1 0 1 
